[header]
width=5
height=10
tilewidth=40
tileheight=40
orientation=orthogonal

[tilesets]
tileset=../../../../bouncingballtiled/tileMap.png,40,40,0,0

[layer]
type=A - Begginer
data=
114,113,113,113,114,
1,0,1,0,1,
1,0,1,0,1,
1,1,1,1,1,
1,1,1,1,1,
1,1,1,1,1,
1,1,1,1,1,
1,1,1,1,1,
1,1,1,1,1,
1,1,1,1,1

[layer]
type=B - Begginer
data=
114,113,113,113,114,
1,0,1,0,1,
1,0,1,0,1,
1,0,1,0,1,
62,1,1,1,61,
0,0,1,0,0,
0,1,1,1,0,
1,1,1,1,1,
1,1,1,1,1,
1,1,1,1,1

[layer]
type=C - Challenge
data=
114,113,113,113,114,
10,0,6,0,10,
1,0,6,0,1,
1,0,6,0,1,
1,1,6,1,1,
1,1,6,1,1,
1,1,6,1,1,
1,1,6,1,1,
1,1,6,1,1,
1,1,6,1,1

[layer]
type=D - Difficult
data=
114,113,113,113,114,
1,0,1,0,1,
1,0,1,0,1,
29,1,1,1,29,
29,1,1,1,29,
29,1,1,1,29,
29,1,1,1,29,
29,1,1,1,29,
1,1,1,1,1,
1,1,1,1,1

[layer]
type=E - Extreme
data=
114,113,113,113,114,
1,0,1,0,1,
1,0,1,0,1,
0,0,1,0,0,
0,1,1,1,0,
0,1,1,1,0,
1,1,1,1,1,
1,1,1,1,1,
1,1,1,1,1,
1,1,1,1,1

