[header]
width=5
height=1200
tilewidth=40
tileheight=40
orientation=orthogonal

[tilesets]
tileset=../../../../bouncingballtiled/tileMap.png,40,40,0,0

[layer]
type=Level 1
data=
0,0,0,0,0,
0,0,0,0,0,
0,0,0,0,0,
0,0,0,0,0,
0,0,0,0,0,
0,0,0,0,0,
0,0,0,0,0,
0,0,0,0,0,
0,0,0,0,0,
0,0,0,0,0,
0,0,0,0,0,
0,0,0,0,0,
0,0,0,0,0,
0,0,0,0,0,
0,0,0,0,0,
0,0,0,0,0,
0,0,0,0,0,
0,0,0,0,0,
0,0,0,0,0,
0,0,0,0,0,
0,0,0,0,0,
0,0,0,0,0,
0,0,0,0,0,
0,0,0,0,0,
0,0,0,0,0,
0,0,0,0,0,
0,0,0,0,0,
0,0,0,0,0,
0,0,0,0,0,
0,0,0,0,0,
0,0,0,0,0,
0,0,0,0,0,
0,0,0,0,0,
0,0,0,0,0,
0,0,0,0,0,
0,0,0,0,0,
0,0,0,0,0,
0,0,0,0,0,
0,0,0,0,0,
0,0,0,0,0,
0,0,0,0,0,
0,0,0,0,0,
0,0,0,0,0,
0,0,0,0,0,
0,0,0,0,0,
0,0,0,0,0,
0,0,0,0,0,
0,0,0,0,0,
0,0,0,0,0,
0,0,0,0,0,
0,0,0,0,0,
0,0,0,0,0,
0,0,0,0,0,
0,0,0,0,0,
0,0,0,0,0,
0,0,0,0,0,
0,0,0,0,0,
0,0,0,0,0,
0,0,0,0,0,
0,0,0,0,0,
0,0,0,0,0,
0,0,0,0,0,
0,0,0,0,0,
0,0,0,0,0,
0,0,0,0,0,
0,0,0,0,0,
0,0,0,0,0,
0,0,0,0,0,
0,0,0,0,0,
0,0,0,0,0,
0,0,0,0,0,
0,0,0,0,0,
0,0,0,0,0,
0,0,0,0,0,
0,0,0,0,0,
0,0,0,0,0,
0,0,0,0,0,
0,0,0,0,0,
0,0,0,0,0,
0,0,0,0,0,
0,0,0,0,0,
0,0,0,0,0,
0,0,0,0,0,
0,0,0,0,0,
0,0,0,0,0,
0,0,0,0,0,
0,0,0,0,0,
0,0,0,0,0,
0,0,0,0,0,
0,0,0,0,0,
0,0,0,0,0,
0,0,0,0,0,
0,0,0,0,0,
0,0,0,0,0,
0,0,0,0,0,
0,0,0,0,0,
0,0,0,0,0,
0,0,0,0,0,
0,0,0,0,0,
0,0,0,0,0,
0,0,0,0,0,
0,0,0,0,0,
0,0,0,0,0,
0,0,0,0,0,
0,0,0,0,0,
0,0,0,0,0,
0,0,0,0,0,
0,0,0,0,0,
0,0,0,0,0,
0,0,0,0,0,
0,0,0,0,0,
0,0,0,0,0,
0,0,0,0,0,
0,0,0,0,0,
0,0,0,0,0,
0,0,0,0,0,
0,0,0,0,0,
0,0,0,0,0,
0,0,0,0,0,
0,0,0,0,0,
0,0,0,0,0,
0,0,0,0,0,
0,0,0,0,0,
0,0,0,0,0,
0,0,0,0,0,
0,0,0,0,0,
0,0,0,0,0,
0,0,0,0,0,
0,0,0,0,0,
0,0,0,0,0,
0,0,0,0,0,
0,0,0,0,0,
0,0,0,0,0,
0,0,0,0,0,
0,0,0,0,0,
0,0,0,0,0,
0,0,0,0,0,
0,0,0,0,0,
0,0,0,0,0,
0,0,0,0,0,
0,0,0,0,0,
0,0,0,0,0,
0,0,0,0,0,
0,0,0,0,0,
0,0,0,0,0,
0,0,0,0,0,
0,0,0,0,0,
0,0,0,0,0,
0,0,0,0,0,
0,0,0,0,0,
0,0,0,0,0,
0,0,0,0,0,
0,0,0,0,0,
0,0,0,0,0,
0,0,0,0,0,
0,0,0,0,0,
0,0,0,0,0,
0,0,0,0,0,
0,0,0,0,0,
0,0,0,0,0,
0,0,0,0,0,
0,0,0,0,0,
0,0,0,0,0,
0,0,0,0,0,
0,0,0,0,0,
0,0,0,0,0,
0,0,0,0,0,
0,0,0,0,0,
0,0,0,0,0,
0,0,0,0,0,
0,0,0,0,0,
0,0,0,0,0,
0,0,0,0,0,
0,0,0,0,0,
0,0,0,0,0,
0,0,0,0,0,
0,0,0,0,0,
0,0,0,0,0,
0,0,0,0,0,
0,0,0,0,0,
0,0,0,0,0,
0,0,0,0,0,
0,0,0,0,0,
0,0,0,0,0,
0,0,0,0,0,
0,0,0,0,0,
0,0,0,0,0,
0,0,0,0,0,
0,0,0,0,0,
0,0,0,0,0,
0,0,0,0,0,
0,0,0,0,0,
0,0,0,0,0,
0,0,0,0,0,
0,0,0,0,0,
0,0,0,0,0,
0,0,0,0,0,
0,0,0,0,0,
0,0,0,0,0,
0,0,0,0,0,
0,0,0,0,0,
0,0,0,0,0,
0,0,0,0,0,
0,0,0,0,0,
0,0,0,0,0,
0,0,0,0,0,
0,0,0,0,0,
0,0,0,0,0,
0,0,0,0,0,
0,0,0,0,0,
0,0,0,0,0,
0,0,0,0,0,
0,0,0,0,0,
0,0,0,0,0,
0,0,0,0,0,
0,0,0,0,0,
0,0,0,0,0,
0,0,0,0,0,
0,0,0,0,0,
0,0,0,0,0,
0,0,0,0,0,
0,0,0,0,0,
0,0,0,0,0,
0,0,0,0,0,
0,0,0,0,0,
0,0,0,0,0,
0,0,0,0,0,
0,0,0,0,0,
0,0,0,0,0,
0,0,0,0,0,
0,0,0,0,0,
0,0,0,0,0,
0,0,0,0,0,
0,0,0,0,0,
0,0,0,0,0,
0,0,0,0,0,
0,0,0,0,0,
0,0,0,0,0,
0,0,0,0,0,
0,0,0,0,0,
0,0,0,0,0,
0,0,0,0,0,
0,0,0,0,0,
0,0,0,0,0,
0,0,0,0,0,
0,0,0,0,0,
0,0,0,0,0,
0,0,0,0,0,
0,0,0,0,0,
0,0,0,0,0,
0,0,0,0,0,
0,0,0,0,0,
0,0,0,0,0,
0,0,0,0,0,
0,0,0,0,0,
0,0,0,0,0,
0,0,0,0,0,
0,0,0,0,0,
0,0,0,0,0,
0,0,0,0,0,
0,0,0,0,0,
0,0,0,0,0,
0,0,0,0,0,
0,0,0,0,0,
0,0,0,0,0,
0,0,0,0,0,
0,0,0,0,0,
0,0,0,0,0,
0,0,0,0,0,
0,0,0,0,0,
0,0,0,0,0,
0,0,0,0,0,
0,0,0,0,0,
0,0,0,0,0,
0,0,0,0,0,
0,0,0,0,0,
0,0,0,0,0,
0,0,0,0,0,
0,0,0,0,0,
0,0,0,0,0,
0,0,0,0,0,
0,0,0,0,0,
0,0,0,0,0,
0,0,0,0,0,
0,0,0,0,0,
0,0,0,0,0,
0,0,0,0,0,
0,0,0,0,0,
0,0,0,0,0,
0,0,0,0,0,
0,0,0,0,0,
0,0,0,0,0,
0,0,0,0,0,
0,0,0,0,0,
0,0,0,0,0,
0,0,0,0,0,
0,0,0,0,0,
0,0,0,0,0,
0,0,0,0,0,
0,0,0,0,0,
0,0,0,0,0,
0,0,0,0,0,
0,0,0,0,0,
0,0,0,0,0,
0,0,0,0,0,
0,0,0,0,0,
0,0,0,0,0,
0,0,0,0,0,
0,0,0,0,0,
0,0,0,0,0,
0,0,0,0,0,
0,0,0,0,0,
0,0,0,0,0,
0,0,0,0,0,
0,0,0,0,0,
0,0,0,0,0,
0,0,0,0,0,
0,0,0,0,0,
0,0,0,0,0,
0,0,0,0,0,
0,0,0,0,0,
0,0,0,0,0,
0,0,0,0,0,
0,0,0,0,0,
0,0,0,0,0,
0,0,0,0,0,
0,0,0,0,0,
0,0,0,0,0,
0,0,0,0,0,
0,0,0,0,0,
0,0,0,0,0,
0,0,0,0,0,
0,0,0,0,0,
0,0,0,0,0,
0,0,0,0,0,
0,0,0,0,0,
0,0,0,0,0,
0,0,0,0,0,
0,0,0,0,0,
0,0,0,0,0,
0,0,0,0,0,
0,0,0,0,0,
0,0,0,0,0,
0,0,0,0,0,
0,0,0,0,0,
0,0,0,0,0,
0,0,0,0,0,
0,0,0,0,0,
0,0,0,0,0,
0,0,0,0,0,
0,0,0,0,0,
0,0,0,0,0,
0,0,0,0,0,
0,0,0,0,0,
0,0,0,0,0,
0,0,0,0,0,
0,0,0,0,0,
0,0,0,0,0,
0,0,0,0,0,
0,0,0,0,0,
0,0,0,0,0,
0,0,0,0,0,
0,0,0,0,0,
0,0,0,0,0,
0,0,0,0,0,
0,0,0,0,0,
0,0,0,0,0,
0,0,0,0,0,
0,0,0,0,0,
0,0,0,0,0,
0,0,0,0,0,
0,0,0,0,0,
0,0,0,0,0,
0,0,0,0,0,
0,0,0,0,0,
0,0,0,0,0,
0,0,0,0,0,
0,0,0,0,0,
0,0,0,0,0,
0,0,0,0,0,
0,0,0,0,0,
0,0,0,0,0,
0,0,0,0,0,
0,0,0,0,0,
0,0,0,0,0,
0,0,0,0,0,
0,0,0,0,0,
0,0,0,0,0,
0,0,0,0,0,
0,0,0,0,0,
0,0,0,0,0,
0,0,0,0,0,
0,0,0,0,0,
0,0,0,0,0,
0,0,0,0,0,
0,0,0,0,0,
0,0,0,0,0,
0,0,0,0,0,
0,0,0,0,0,
0,0,0,0,0,
0,0,0,0,0,
0,0,0,0,0,
0,0,0,0,0,
0,0,0,0,0,
0,0,0,0,0,
0,0,0,0,0,
0,0,0,0,0,
0,0,0,0,0,
0,0,0,0,0,
0,0,0,0,0,
0,0,0,0,0,
0,0,0,0,0,
0,0,0,0,0,
0,0,0,0,0,
0,0,0,0,0,
0,0,0,0,0,
0,0,0,0,0,
0,0,0,0,0,
0,0,0,0,0,
0,0,0,0,0,
0,0,0,0,0,
0,0,0,0,0,
0,0,0,0,0,
0,0,0,0,0,
0,0,0,0,0,
0,0,0,0,0,
0,0,0,0,0,
0,0,0,0,0,
0,0,0,0,0,
0,0,0,0,0,
0,0,0,0,0,
0,0,0,0,0,
0,0,0,0,0,
0,0,0,0,0,
0,0,0,0,0,
0,0,0,0,0,
0,0,0,0,0,
0,0,0,0,0,
0,0,0,0,0,
0,0,0,0,0,
0,0,0,0,0,
0,0,0,0,0,
0,0,0,0,0,
0,0,0,0,0,
0,0,0,0,0,
0,0,0,0,0,
0,0,0,0,0,
0,0,0,0,0,
0,0,0,0,0,
0,0,0,0,0,
0,0,0,0,0,
0,0,0,0,0,
0,0,0,0,0,
0,0,0,0,0,
0,0,0,0,0,
0,0,0,0,0,
0,0,0,0,0,
0,0,0,0,0,
0,0,0,0,0,
0,0,0,0,0,
0,0,0,0,0,
0,0,0,0,0,
0,0,0,0,0,
0,0,0,0,0,
0,0,0,0,0,
0,0,0,0,0,
0,0,0,0,0,
0,0,0,0,0,
0,0,0,0,0,
0,0,0,0,0,
0,0,0,0,0,
0,0,0,0,0,
0,0,0,0,0,
0,0,0,0,0,
0,0,0,0,0,
0,0,0,0,0,
0,0,0,0,0,
0,0,0,0,0,
0,0,0,0,0,
0,0,0,0,0,
0,0,0,0,0,
0,0,0,0,0,
0,0,0,0,0,
0,0,0,0,0,
0,0,0,0,0,
0,0,0,0,0,
0,0,0,0,0,
0,0,0,0,0,
0,0,0,0,0,
0,0,0,0,0,
0,0,0,0,0,
0,0,0,0,0,
0,0,0,0,0,
0,0,0,0,0,
0,0,0,0,0,
0,0,0,0,0,
0,0,0,0,0,
0,0,0,0,0,
0,0,0,0,0,
0,0,0,0,0,
0,0,0,0,0,
0,0,0,0,0,
0,0,0,0,0,
0,0,0,0,0,
0,0,0,0,0,
0,0,0,0,0,
0,0,0,0,0,
0,0,0,0,0,
0,0,0,0,0,
0,0,0,0,0,
0,0,0,0,0,
0,0,0,0,0,
0,0,0,0,0,
0,0,0,0,0,
0,0,0,0,0,
0,0,0,0,0,
0,0,0,0,0,
0,0,0,0,0,
0,0,0,0,0,
0,0,0,0,0,
0,0,0,0,0,
0,0,0,0,0,
0,0,0,0,0,
0,0,0,0,0,
0,0,0,0,0,
0,0,0,0,0,
0,0,0,0,0,
0,0,0,0,0,
0,0,0,0,0,
0,0,0,0,0,
0,0,0,0,0,
0,0,0,0,0,
0,0,0,0,0,
0,0,0,0,0,
0,0,0,0,0,
0,0,0,0,0,
0,0,0,0,0,
0,0,0,0,0,
0,0,0,0,0,
0,0,0,0,0,
0,0,0,0,0,
0,0,0,0,0,
0,0,0,0,0,
0,0,0,0,0,
0,0,0,0,0,
0,0,0,0,0,
0,0,0,0,0,
0,0,0,0,0,
0,0,0,0,0,
0,0,0,0,0,
0,0,0,0,0,
0,0,0,0,0,
0,0,0,0,0,
0,0,0,0,0,
0,0,0,0,0,
0,0,0,0,0,
0,0,0,0,0,
0,0,0,0,0,
0,0,0,0,0,
0,0,0,0,0,
0,0,0,0,0,
0,0,0,0,0,
0,0,0,0,0,
0,0,0,0,0,
0,0,0,0,0,
0,0,0,0,0,
0,0,0,0,0,
0,0,0,0,0,
0,0,0,0,0,
0,0,0,0,0,
0,0,0,0,0,
0,0,0,0,0,
0,0,0,0,0,
0,0,0,0,0,
0,0,0,0,0,
0,0,0,0,0,
0,0,0,0,0,
0,0,0,0,0,
0,0,0,0,0,
0,0,0,0,0,
0,0,0,0,0,
0,0,0,0,0,
0,0,0,0,0,
0,0,0,0,0,
0,0,0,0,0,
0,0,0,0,0,
0,0,0,0,0,
0,0,0,0,0,
0,0,0,0,0,
0,0,0,0,0,
0,0,0,0,0,
0,0,0,0,0,
0,0,0,0,0,
0,0,0,0,0,
0,0,0,0,0,
0,0,0,0,0,
0,0,0,0,0,
0,0,0,0,0,
0,0,0,0,0,
0,0,0,0,0,
0,0,0,0,0,
0,0,0,0,0,
0,0,0,0,0,
0,0,0,0,0,
0,0,0,0,0,
0,0,0,0,0,
0,0,0,0,0,
0,0,0,0,0,
0,0,0,0,0,
0,0,0,0,0,
0,0,0,0,0,
0,0,0,0,0,
0,0,0,0,0,
0,0,0,0,0,
0,0,0,0,0,
0,0,0,0,0,
0,0,0,0,0,
0,0,0,0,0,
0,0,0,0,0,
0,0,0,0,0,
0,0,0,0,0,
0,0,0,0,0,
0,0,0,0,0,
0,0,0,0,0,
0,0,0,0,0,
0,0,0,0,0,
0,0,0,0,0,
0,0,0,0,0,
0,0,0,0,0,
0,0,0,0,0,
0,0,0,0,0,
0,0,0,0,0,
0,0,0,0,0,
0,0,0,0,0,
0,0,0,0,0,
0,0,0,0,0,
0,0,0,0,0,
0,0,0,0,0,
0,0,0,0,0,
0,0,0,0,0,
0,0,0,0,0,
0,0,0,0,0,
0,0,0,0,0,
0,0,0,0,0,
0,0,0,0,0,
0,0,0,0,0,
0,0,0,0,0,
0,0,0,0,0,
0,0,0,0,0,
0,0,0,0,0,
0,0,0,0,0,
0,0,0,0,0,
0,0,0,0,0,
0,0,0,0,0,
0,0,0,0,0,
0,0,0,0,0,
0,0,0,0,0,
0,0,0,0,0,
0,0,0,0,0,
0,0,0,0,0,
0,0,0,0,0,
0,0,0,0,0,
0,0,0,0,0,
0,0,0,0,0,
0,0,0,0,0,
0,0,0,0,0,
0,0,0,0,0,
0,0,0,0,0,
0,0,0,0,0,
0,0,0,0,0,
0,0,0,0,0,
0,0,0,0,0,
0,0,0,0,0,
0,0,0,0,0,
0,0,0,0,0,
0,0,0,0,0,
0,0,0,0,0,
0,0,0,0,0,
0,0,0,0,0,
0,0,0,0,0,
0,0,0,0,0,
114,113,113,113,114,
1,0,1,0,1,
1,0,1,0,1,
1,1,1,1,1,
1,1,1,1,1,
1,1,1,1,1,
1,1,1,1,1,
1,1,1,1,1,
1,1,1,1,1,
110,110,110,110,110,
0,0,6,0,0,
0,9,51,9,0,
0,0,6,0,0,
0,9,6,9,0,
0,0,6,0,0,
0,9,6,9,0,
0,0,6,0,0,
9,6,6,6,9,
0,6,6,6,0,
0,6,6,6,0,
61,6,13,6,62,
0,6,0,6,0,
61,6,13,6,62,
0,6,0,6,0,
61,6,13,6,62,
0,6,0,6,0,
61,6,13,6,62,
6,6,6,6,6,
6,6,6,6,6,
6,13,6,13,6,
6,0,6,0,6,
6,13,6,13,6,
6,0,6,0,6,
6,13,6,13,6,
6,0,6,0,6,
6,13,6,13,6,
111,109,111,109,111,
0,0,0,0,0,
0,0,0,0,0,
0,0,65,2,54,
0,0,0,0,0,
0,0,0,0,0,
0,0,0,0,0,
0,61,2,2,62,
0,0,0,0,0,
0,0,0,0,0,
0,0,0,0,0,
61,2,2,62,0,
0,0,0,0,0,
0,0,0,0,0,
0,0,0,0,0,
13,2,2,13,0,
0,0,0,0,0,
0,0,0,0,0,
0,0,0,0,0,
109,13,112,112,13,
0,0,0,0,0,
0,0,0,0,0,
0,0,0,0,0,
0,9,54,9,0,
0,1,1,1,0,
0,1,1,1,0,
0,0,1,0,0,
0,13,1,13,0,
0,0,1,0,0,
9,2,2,2,9,
0,1,1,1,0,
0,1,1,1,0,
0,0,1,0,0,
0,13,1,13,0,
0,0,1,0,0,
2,9,1,9,2,
1,1,1,1,1,
1,1,1,1,1,
0,0,1,0,0,
13,0,1,0,13,
0,0,1,0,0,
9,2,1,2,9,
0,1,1,1,0,
0,1,1,1,0,
109,110,110,110,109,
0,0,0,0,0,
0,0,0,0,0,
0,0,0,0,0,
54,2,2,66,0,
1,1,1,1,0,
1,1,1,1,0,
0,0,1,1,1,
0,0,0,1,1,
0,0,1,1,1,
0,65,1,1,0,
0,1,1,1,0,
0,1,1,1,0,
1,1,1,0,0,
1,1,0,0,0,
1,1,1,0,0,
0,1,1,66,0,
0,1,1,1,0,
0,1,1,1,0,
109,110,110,110,109,
0,9,6,9,0,
0,0,6,0,0,
0,0,6,0,0,
0,0,6,0,0,
109,109,6,109,109,
0,0,0,0,0,
2,2,54,2,2,
6,6,6,6,6,
6,6,0,6,6,
30,0,97,0,30,
6,6,0,6,6,
6,6,6,6,6,
6,6,6,6,6,
6,6,6,6,6,
0,6,6,6,0,
0,0,6,0,0,
97,29,6,29,97,
0,0,6,0,0,
0,6,6,6,0,
6,6,6,6,6,
6,6,6,6,6,
6,6,6,6,6,
111,6,111,6,111,
0,0,0,0,0,
0,0,0,0,0,
0,0,0,0,0,
54,2,0,0,0,
6,6,6,0,0,
0,6,6,6,0,
0,0,6,6,6,
0,0,0,6,6,
1,1,26,1,1,
1,26,1,1,1,
26,1,1,1,1,
0,0,0,6,6,
0,0,6,6,6,
0,6,6,6,0,
6,6,6,0,0,
6,6,0,0,0,
1,1,25,1,1,
1,1,1,25,1,
1,1,1,1,25,
0,1,0,0,0,
0,1,1,0,0,
13,1,1,1,13,
97,1,1,1,97,
13,109,110,110,13,
0,0,0,0,0,
0,0,0,0,0,
0,0,0,0,0,
2,2,16,0,0,
7,7,7,16,0,
7,7,7,7,16,
6,7,7,7,7,
0,6,7,7,7,
68,3,6,3,50,
0,6,7,7,7,
6,7,7,7,7,
7,7,7,7,16,
7,7,7,16,0,
7,7,16,0,0,
7,7,7,16,0,
7,7,7,7,16,
0,0,0,0,0,
0,0,0,0,0,
0,0,0,0,0,
13,2,2,2,13,
0,13,1,13,0,
0,13,1,13,0,
0,13,1,13,0,
0,0,1,0,0,
1,1,1,1,1,
1,1,1,1,1,
1,1,1,1,1,
55,19,99,19,19,
1,1,1,1,1,
1,1,1,1,1,
1,1,1,1,1,
0,0,1,0,0,
0,13,1,13,0,
0,13,1,13,0,
0,13,1,13,0,
13,110,110,110,13,
0,0,0,0,0,
0,0,0,0,0,
0,0,0,0,0,
2,2,97,2,2,
1,1,1,1,1,
1,1,1,1,1,
1,1,1,1,1,
0,97,1,97,0,
0,1,1,1,0,
29,1,49,1,29,
0,1,1,1,0,
29,1,1,1,29,
0,1,1,1,0,
13,1,1,1,13,
1,1,1,1,1,
1,1,1,1,1,
1,1,1,1,1,
1,1,1,1,1,
1,1,101,1,1,
1,1,0,1,1,
1,1,0,1,1,
1,1,0,1,1,
110,110,109,110,110,
0,0,0,0,0,
2,2,2,2,2,
23,55,19,23,0,
1,1,1,1,1,
1,1,1,1,1,
1,1,1,1,1,
0,24,20,20,24,
1,1,1,1,1,
1,1,1,1,1,
1,1,1,1,1,
1,1,1,1,1,
21,1,1,1,21,
0,0,0,0,0,
0,0,0,0,0,
0,0,0,0,0,
0,2,2,2,0,
0,0,0,0,0,
0,0,0,0,0,
0,0,0,0,0,
21,13,21,2,2,
0,1,1,1,6,
0,6,6,6,6,
0,6,1,1,0,
21,6,13,21,21,
0,6,1,1,0,
0,6,6,6,0,
0,1,1,6,0,
21,21,21,6,13,
0,1,1,6,0,
0,6,6,6,0,
0,6,6,6,0,
0,6,6,0,0,
0,6,6,109,109,
0,19,19,0,0,
0,19,19,0,0,
0,19,19,0,0,
0,19,19,0,0,
0,55,19,0,0,
0,19,19,0,0,
0,19,19,0,0,
0,19,19,0,0,
0,19,19,0,0,
0,19,19,0,0,
0,19,19,0,0,
21,1,1,21,0,
1,1,1,1,21,
1,1,1,1,1,
1,1,1,1,1,
1,1,21,1,1,
1,1,1,1,1,
1,1,1,1,1,
0,1,6,1,0,
0,0,6,0,0,
0,0,6,0,0,
1,21,6,21,1,
21,6,6,6,21,
1,6,6,6,1,
1,6,6,6,1,
13,13,13,6,13,
1,1,1,6,1,
0,0,1,6,1,
0,0,21,6,1,
109,109,110,111,110,
0,0,0,0,0,
0,0,0,0,0,
0,0,0,0,0,
21,2,21,0,0,
1,1,1,13,0,
1,1,1,1,13,
13,1,1,1,1,
21,13,1,1,1,
13,1,1,1,1,
1,1,1,13,1,
1,1,13,6,6,
21,1,1,6,51,
1,1,13,6,6,
13,1,1,1,21,
1,1,1,1,1,
21,1,1,1,21,
109,21,111,21,109,
0,0,6,0,0,
0,0,6,0,0,
0,0,6,0,0,
0,6,6,6,0,
6,6,6,6,6,
6,1,13,49,6,
6,13,21,13,6,
6,1,13,1,6,
6,6,6,6,6,
0,6,6,6,0,
0,0,6,0,0,
0,0,6,0,0,
0,0,6,0,0,
13,13,6,13,13,
0,0,6,0,0,
0,0,6,0,0,
0,0,6,0,0,
112,54,111,112,112,
0,0,0,0,0,
0,0,0,0,0,
0,0,0,0,0,
0,2,2,2,0,
0,0,0,0,0,
0,0,0,0,0,
0,0,0,0,0,
78,110,2,110,77,
0,0,6,0,0,
1,61,6,6,0,
0,6,6,6,0,
0,6,6,62,1,
0,6,6,6,0,
0,6,6,6,0,
62,1,6,1,61,
0,6,6,6,0,
0,6,6,6,0,
0,0,6,6,6,
0,61,1,6,6,
0,0,6,6,6,
0,6,6,6,0,
6,6,6,0,0,
6,6,1,62,0,
6,6,6,0,0,
0,6,6,6,0,
0,0,6,6,6,
0,61,1,6,6,
0,0,6,6,6,
0,6,6,6,0,
6,6,6,0,0,
111,6,109,109,109,
0,0,0,0,0,
0,0,0,0,0,
0,0,0,0,0,
2,2,0,0,0,
7,7,9,0,0,
7,7,7,9,0,
1,7,7,7,9,
0,1,7,7,7,
0,0,1,7,7,
0,1,7,7,7,
110,111,111,111,111,
0,0,0,0,0,
0,0,0,0,0,
2,2,0,0,0,
1,1,0,0,0,
1,1,0,0,0,
10,10,9,9,0,
1,1,1,1,1,
49,1,1,1,1,
1,1,1,1,1,
0,1,1,1,1,
109,109,110,110,110,
0,0,0,0,0,
0,0,0,0,0,
0,0,0,0,0,
0,0,2,2,2,
0,0,10,1,1,
0,1,10,1,1,
1,1,10,1,0,
1,1,10,0,0,
1,1,0,0,0,
1,1,1,0,0,
13,1,13,0,0,
1,1,1,0,0,
1,1,1,0,0,
1,1,1,0,0,
1,13,1,0,0,
1,1,1,0,0,
1,1,1,0,0,
1,1,1,0,0,
13,1,13,0,0,
1,1,1,0,0,
1,1,1,0,0,
6,1,1,1,0,
6,1,66,1,1,
6,1,1,1,1,
6,1,1,1,1,
6,6,6,6,6,
1,1,1,1,6,
1,1,1,1,6,
1,1,65,1,6,
0,0,1,1,50,
0,1,1,1,6,
0,1,6,6,6,
0,1,6,1,1,
0,1,6,1,0,
109,110,111,110,109,
0,0,0,0,0,
0,0,0,0,0,
0,0,0,0,0,
0,61,2,2,62,
0,0,6,6,0,
0,6,6,51,0,
0,6,6,6,0,
0,6,6,0,0,
61,6,6,62,0,
0,6,6,0,0,
0,6,6,6,0,
0,0,6,6,0,
0,61,6,6,62,
0,0,6,6,0,
0,0,6,6,0,
0,0,6,6,0,
0,13,1,1,13,
0,0,1,1,0,
0,0,1,1,0,
0,0,1,1,0,
0,0,1,1,0,
109,9,110,110,9,
0,0,6,6,0,
0,13,6,6,13,
0,0,6,6,0,
0,13,6,6,13,
0,0,6,6,0,
0,6,6,6,6,
0,6,3,3,6,
0,6,3,3,6,
0,6,3,3,6,
0,6,3,3,6,
0,6,6,6,6,
0,0,6,6,0,
0,13,6,6,13,
0,0,6,6,0,
0,13,6,6,13,
0,0,6,6,0,
109,13,6,111,13,
0,0,0,0,0,
0,0,0,0,0,
3,3,3,3,3,
3,2,2,2,3,
3,6,6,6,3,
3,6,3,3,3,
3,6,6,6,3,
3,6,6,6,3,
3,6,6,6,3,
3,3,3,51,3,
3,6,6,6,3,
3,6,6,6,3,
3,6,6,6,3,
3,6,6,6,3,
3,6,6,6,3,
111,111,111,111,111,
0,0,0,0,0,
0,0,0,0,0,
0,0,0,0,0,
13,2,13,0,0,
13,1,13,0,0,
13,1,13,0,0,
1,1,1,1,0,
1,1,1,1,0,
1,1,1,1,0,
0,0,13,1,0,
0,0,13,1,0,
0,0,13,1,0,
0,1,1,1,0,
0,1,1,1,0,
0,1,1,1,0,
13,1,13,0,0,
13,1,13,0,0,
13,1,13,0,0,
110,110,110,109,109,
0,0,0,0,0,
0,0,0,0,0,
0,0,0,0,0,
0,0,0,2,0,
0,0,0,0,0,
0,0,0,0,0,
0,0,0,0,0,
0,2,0,0,0,
0,0,0,0,0,
0,0,0,0,0,
0,0,0,0,0,
0,0,2,0,0,
0,0,6,0,0,
0,0,6,0,0,
0,0,6,0,0,
0,0,6,0,0,
13,13,1,13,13,
1,1,1,1,1,
1,1,1,1,1,
1,1,1,1,1,
1,1,1,1,1,
0,1,1,1,0,
0,0,0,0,0,
0,0,0,0,0,
0,0,0,0,0,
2,2,13,0,0,
1,1,1,13,0,
1,1,1,1,13,
1,1,1,1,1,
0,1,1,1,1,
0,0,1,1,1,
0,0,0,1,1,
0,0,0,1,1,
0,0,13,1,49,
0,13,1,1,1,
13,1,1,1,1,
1,1,1,1,1,
1,1,1,1,1,
1,1,1,1,0,
1,1,1,0,0,
49,1,1,0,0,
1,1,13,0,0,
1,1,1,13,0,
1,1,1,1,13,
1,1,1,1,1,
1,1,1,1,1,
1,1,1,1,1,
1,1,1,1,1,
1,1,1,1,1,
1,1,1,1,1,
1,1,1,1,1,
0,1,1,1,0,
0,0,0,0,0

[layer]
type=Level 2
data=
0,0,0,0,0,
0,0,0,0,0,
0,0,0,0,0,
0,0,0,0,0,
0,0,0,0,0,
0,0,0,0,0,
0,0,0,0,0,
0,0,0,0,0,
0,0,0,0,0,
0,0,0,0,0,
0,0,0,0,0,
0,0,0,0,0,
0,0,0,0,0,
0,0,0,0,0,
0,0,0,0,0,
0,0,0,0,0,
0,0,0,0,0,
0,0,0,0,0,
0,0,0,0,0,
0,0,0,0,0,
0,0,0,0,0,
0,0,0,0,0,
0,0,0,0,0,
0,0,0,0,0,
0,0,0,0,0,
0,0,0,0,0,
0,0,0,0,0,
0,0,0,0,0,
0,0,0,0,0,
0,0,0,0,0,
0,0,0,0,0,
0,0,0,0,0,
0,0,0,0,0,
0,0,0,0,0,
0,0,0,0,0,
0,0,0,0,0,
0,0,0,0,0,
0,0,0,0,0,
0,0,0,0,0,
0,0,0,0,0,
0,0,0,0,0,
0,0,0,0,0,
0,0,0,0,0,
0,0,0,0,0,
0,0,0,0,0,
0,0,0,0,0,
0,0,0,0,0,
0,0,0,0,0,
0,0,0,0,0,
0,0,0,0,0,
0,0,0,0,0,
0,0,0,0,0,
0,0,0,0,0,
0,0,0,0,0,
0,0,0,0,0,
0,0,0,0,0,
0,0,0,0,0,
0,0,0,0,0,
0,0,0,0,0,
0,0,0,0,0,
0,0,0,0,0,
0,0,0,0,0,
0,0,0,0,0,
0,0,0,0,0,
0,0,0,0,0,
0,0,0,0,0,
0,0,0,0,0,
0,0,0,0,0,
0,0,0,0,0,
0,0,0,0,0,
0,0,0,0,0,
0,0,0,0,0,
0,0,0,0,0,
0,0,0,0,0,
0,0,0,0,0,
0,0,0,0,0,
0,0,0,0,0,
0,0,0,0,0,
0,0,0,0,0,
0,0,0,0,0,
0,0,0,0,0,
0,0,0,0,0,
0,0,0,0,0,
0,0,0,0,0,
0,0,0,0,0,
0,0,0,0,0,
0,0,0,0,0,
0,0,0,0,0,
0,0,0,0,0,
0,0,0,0,0,
0,0,0,0,0,
0,0,0,0,0,
0,0,0,0,0,
0,0,0,0,0,
0,0,0,0,0,
0,0,0,0,0,
0,0,0,0,0,
0,0,0,0,0,
0,0,0,0,0,
0,0,0,0,0,
0,0,0,0,0,
0,0,0,0,0,
0,0,0,0,0,
0,0,0,0,0,
0,0,0,0,0,
0,0,0,0,0,
0,0,0,0,0,
0,0,0,0,0,
0,0,0,0,0,
0,0,0,0,0,
0,0,0,0,0,
0,0,0,0,0,
0,0,0,0,0,
0,0,0,0,0,
0,0,0,0,0,
0,0,0,0,0,
0,0,0,0,0,
0,0,0,0,0,
0,0,0,0,0,
0,0,0,0,0,
0,0,0,0,0,
0,0,0,0,0,
0,0,0,0,0,
0,0,0,0,0,
0,0,0,0,0,
0,0,0,0,0,
0,0,0,0,0,
0,0,0,0,0,
0,0,0,0,0,
0,0,0,0,0,
0,0,0,0,0,
0,0,0,0,0,
0,0,0,0,0,
0,0,0,0,0,
0,0,0,0,0,
0,0,0,0,0,
0,0,0,0,0,
0,0,0,0,0,
0,0,0,0,0,
0,0,0,0,0,
0,0,0,0,0,
0,0,0,0,0,
0,0,0,0,0,
0,0,0,0,0,
0,0,0,0,0,
0,0,0,0,0,
0,0,0,0,0,
0,0,0,0,0,
0,0,0,0,0,
0,0,0,0,0,
0,0,0,0,0,
0,0,0,0,0,
0,0,0,0,0,
0,0,0,0,0,
0,0,0,0,0,
0,0,0,0,0,
0,0,0,0,0,
0,0,0,0,0,
0,0,0,0,0,
0,0,0,0,0,
0,0,0,0,0,
0,0,0,0,0,
0,0,0,0,0,
0,0,0,0,0,
0,0,0,0,0,
0,0,0,0,0,
0,0,0,0,0,
0,0,0,0,0,
0,0,0,0,0,
0,0,0,0,0,
0,0,0,0,0,
0,0,0,0,0,
0,0,0,0,0,
0,0,0,0,0,
0,0,0,0,0,
0,0,0,0,0,
0,0,0,0,0,
0,0,0,0,0,
0,0,0,0,0,
0,0,0,0,0,
0,0,0,0,0,
0,0,0,0,0,
0,0,0,0,0,
0,0,0,0,0,
0,0,0,0,0,
0,0,0,0,0,
0,0,0,0,0,
0,0,0,0,0,
0,0,0,0,0,
0,0,0,0,0,
0,0,0,0,0,
0,0,0,0,0,
0,0,0,0,0,
0,0,0,0,0,
0,0,0,0,0,
0,0,0,0,0,
0,0,0,0,0,
0,0,0,0,0,
0,0,0,0,0,
0,0,0,0,0,
0,0,0,0,0,
0,0,0,0,0,
0,0,0,0,0,
0,0,0,0,0,
0,0,0,0,0,
0,0,0,0,0,
0,0,0,0,0,
0,0,0,0,0,
0,0,0,0,0,
0,0,0,0,0,
0,0,0,0,0,
0,0,0,0,0,
0,0,0,0,0,
0,0,0,0,0,
0,0,0,0,0,
0,0,0,0,0,
0,0,0,0,0,
0,0,0,0,0,
0,0,0,0,0,
0,0,0,0,0,
0,0,0,0,0,
0,0,0,0,0,
0,0,0,0,0,
0,0,0,0,0,
0,0,0,0,0,
0,0,0,0,0,
0,0,0,0,0,
0,0,0,0,0,
0,0,0,0,0,
0,0,0,0,0,
0,0,0,0,0,
0,0,0,0,0,
0,0,0,0,0,
0,0,0,0,0,
0,0,0,0,0,
0,0,0,0,0,
0,0,0,0,0,
0,0,0,0,0,
0,0,0,0,0,
0,0,0,0,0,
0,0,0,0,0,
0,0,0,0,0,
0,0,0,0,0,
0,0,0,0,0,
0,0,0,0,0,
0,0,0,0,0,
0,0,0,0,0,
0,0,0,0,0,
0,0,0,0,0,
0,0,0,0,0,
0,0,0,0,0,
0,0,0,0,0,
0,0,0,0,0,
0,0,0,0,0,
0,0,0,0,0,
0,0,0,0,0,
0,0,0,0,0,
0,0,0,0,0,
0,0,0,0,0,
0,0,0,0,0,
0,0,0,0,0,
0,0,0,0,0,
0,0,0,0,0,
0,0,0,0,0,
0,0,0,0,0,
0,0,0,0,0,
0,0,0,0,0,
0,0,0,0,0,
0,0,0,0,0,
0,0,0,0,0,
0,0,0,0,0,
0,0,0,0,0,
0,0,0,0,0,
0,0,0,0,0,
0,0,0,0,0,
0,0,0,0,0,
0,0,0,0,0,
0,0,0,0,0,
0,0,0,0,0,
0,0,0,0,0,
0,0,0,0,0,
0,0,0,0,0,
0,0,0,0,0,
0,0,0,0,0,
0,0,0,0,0,
0,0,0,0,0,
0,0,0,0,0,
0,0,0,0,0,
0,0,0,0,0,
0,0,0,0,0,
0,0,0,0,0,
0,0,0,0,0,
0,0,0,0,0,
0,0,0,0,0,
0,0,0,0,0,
0,0,0,0,0,
0,0,0,0,0,
0,0,0,0,0,
0,0,0,0,0,
0,0,0,0,0,
0,0,0,0,0,
0,0,0,0,0,
0,0,0,0,0,
0,0,0,0,0,
0,0,0,0,0,
0,0,0,0,0,
0,0,0,0,0,
0,0,0,0,0,
0,0,0,0,0,
0,0,0,0,0,
0,0,0,0,0,
0,0,0,0,0,
0,0,0,0,0,
0,0,0,0,0,
0,0,0,0,0,
0,0,0,0,0,
0,0,0,0,0,
0,0,0,0,0,
0,0,0,0,0,
0,0,0,0,0,
0,0,0,0,0,
0,0,0,0,0,
0,0,0,0,0,
0,0,0,0,0,
0,0,0,0,0,
0,0,0,0,0,
0,0,0,0,0,
0,0,0,0,0,
0,0,0,0,0,
0,0,0,0,0,
0,0,0,0,0,
0,0,0,0,0,
0,0,0,0,0,
0,0,0,0,0,
0,0,0,0,0,
0,0,0,0,0,
0,0,0,0,0,
0,0,0,0,0,
0,0,0,0,0,
0,0,0,0,0,
0,0,0,0,0,
0,0,0,0,0,
0,0,0,0,0,
0,0,0,0,0,
0,0,0,0,0,
0,0,0,0,0,
0,0,0,0,0,
0,0,0,0,0,
0,0,0,0,0,
0,0,0,0,0,
0,0,0,0,0,
0,0,0,0,0,
0,0,0,0,0,
0,0,0,0,0,
0,0,0,0,0,
0,0,0,0,0,
0,0,0,0,0,
0,0,0,0,0,
0,0,0,0,0,
0,0,0,0,0,
0,0,0,0,0,
0,0,0,0,0,
0,0,0,0,0,
0,0,0,0,0,
0,0,0,0,0,
0,0,0,0,0,
0,0,0,0,0,
0,0,0,0,0,
0,0,0,0,0,
0,0,0,0,0,
0,0,0,0,0,
0,0,0,0,0,
0,0,0,0,0,
0,0,0,0,0,
0,0,0,0,0,
0,0,0,0,0,
0,0,0,0,0,
0,0,0,0,0,
0,0,0,0,0,
0,0,0,0,0,
0,0,0,0,0,
0,0,0,0,0,
0,0,0,0,0,
0,0,0,0,0,
0,0,0,0,0,
0,0,0,0,0,
0,0,0,0,0,
0,0,0,0,0,
0,0,0,0,0,
0,0,0,0,0,
0,0,0,0,0,
0,0,0,0,0,
0,0,0,0,0,
0,0,0,0,0,
0,0,0,0,0,
0,0,0,0,0,
0,0,0,0,0,
0,0,0,0,0,
0,0,0,0,0,
0,0,0,0,0,
0,0,0,0,0,
0,0,0,0,0,
0,0,0,0,0,
0,0,0,0,0,
0,0,0,0,0,
0,0,0,0,0,
0,0,0,0,0,
0,0,0,0,0,
0,0,0,0,0,
0,0,0,0,0,
0,0,0,0,0,
0,0,0,0,0,
0,0,0,0,0,
0,0,0,0,0,
0,0,0,0,0,
0,0,0,0,0,
0,0,0,0,0,
0,0,0,0,0,
0,0,0,0,0,
0,0,0,0,0,
0,0,0,0,0,
0,0,0,0,0,
0,0,0,0,0,
0,0,0,0,0,
0,0,0,0,0,
0,0,0,0,0,
0,0,0,0,0,
0,0,0,0,0,
0,0,0,0,0,
0,0,0,0,0,
0,0,0,0,0,
0,0,0,0,0,
0,0,0,0,0,
0,0,0,0,0,
0,0,0,0,0,
0,0,0,0,0,
0,0,0,0,0,
0,0,0,0,0,
0,0,0,0,0,
0,0,0,0,0,
0,0,0,0,0,
0,0,0,0,0,
0,0,0,0,0,
0,0,0,0,0,
0,0,0,0,0,
0,0,0,0,0,
0,0,0,0,0,
0,0,0,0,0,
0,0,0,0,0,
0,0,0,0,0,
0,0,0,0,0,
0,0,0,0,0,
0,0,0,0,0,
0,0,0,0,0,
0,0,0,0,0,
0,0,0,0,0,
0,0,0,0,0,
0,0,0,0,0,
0,0,0,0,0,
0,0,0,0,0,
0,0,0,0,0,
0,0,0,0,0,
0,0,0,0,0,
0,0,0,0,0,
0,0,0,0,0,
0,0,0,0,0,
0,0,0,0,0,
0,0,0,0,0,
0,0,0,0,0,
0,0,0,0,0,
0,0,0,0,0,
0,0,0,0,0,
0,0,0,0,0,
0,0,0,0,0,
0,0,0,0,0,
0,0,0,0,0,
0,0,0,0,0,
0,0,0,0,0,
0,0,0,0,0,
0,0,0,0,0,
0,0,0,0,0,
0,0,0,0,0,
0,0,0,0,0,
0,0,0,0,0,
0,0,0,0,0,
0,0,0,0,0,
0,0,0,0,0,
0,0,0,0,0,
0,0,0,0,0,
0,0,0,0,0,
0,0,0,0,0,
0,0,0,0,0,
0,0,0,0,0,
0,0,0,0,0,
0,0,0,0,0,
0,0,0,0,0,
0,0,0,0,0,
0,0,0,0,0,
0,0,0,0,0,
0,0,0,0,0,
0,0,0,0,0,
0,0,0,0,0,
0,0,0,0,0,
0,0,0,0,0,
0,0,0,0,0,
0,0,0,0,0,
0,0,0,0,0,
114,113,113,113,114,
1,0,1,0,1,
1,0,1,0,1,
1,0,1,0,1,
62,1,1,1,61,
0,0,1,0,0,
0,1,1,1,0,
1,1,1,1,1,
1,1,1,1,1,
110,110,110,110,110,
0,0,0,0,0,
0,0,0,0,0,
0,0,0,0,0,
2,2,54,2,2,
6,6,6,6,6,
6,6,6,6,6,
3,3,12,3,3,
3,6,6,6,3,
3,6,6,6,3,
111,111,6,111,111,
0,0,0,0,0,
0,0,0,0,0,
0,0,0,0,0,
0,11,2,11,0,
11,6,51,6,11,
6,6,6,6,6,
6,6,0,6,6,
6,0,1,0,6,
0,1,37,1,0,
14,0,1,0,14,
11,14,0,1,0,
14,0,1,37,1,
11,14,0,1,0,
14,0,1,0,14,
0,1,37,1,0,
14,0,1,0,14,
0,1,0,14,11,
1,37,1,0,14,
0,1,0,14,11,
14,0,1,0,14,
0,1,37,1,0,
6,6,1,6,6,
6,6,6,6,6,
0,6,6,6,0,
109,109,111,109,109,
0,0,0,0,0,
0,0,0,0,0,
0,0,0,0,0,
2,2,0,0,15,
6,6,6,6,15,
15,6,6,6,6,
15,0,0,6,6,
15,6,6,6,6,
6,6,6,6,15,
6,6,0,0,15,
6,6,6,6,15,
15,6,6,6,6,
15,0,0,6,6,
15,6,6,6,6,
109,111,6,111,109,
0,0,0,0,0,
0,0,0,0,0,
0,0,0,0,0,
2,2,2,2,2,
6,6,6,6,6,
6,6,3,3,3,
51,6,3,3,67,
6,6,3,3,3,
6,6,6,6,6,
3,3,3,6,6,
68,3,3,6,6,
3,3,3,6,6,
6,6,6,6,6,
6,6,3,3,3,
6,6,3,3,67,
6,6,3,3,3,
6,6,6,6,6,
0,6,6,6,0,
109,109,111,109,109,
0,0,0,0,0,
0,0,0,0,0,
0,0,0,0,0,
9,2,2,2,9,
0,0,0,0,0,
0,0,1,0,0,
11,1,37,1,11,
0,0,1,0,0,
0,1,0,1,0,
11,37,1,37,11,
0,1,0,1,0,
0,0,1,0,0,
11,1,37,1,11,
0,0,1,0,0,
0,1,0,1,0,
11,37,1,37,11,
0,1,0,1,0,
0,0,1,0,0,
11,1,37,1,11,
109,109,110,109,109,
0,0,0,0,0,
0,0,0,0,0,
0,0,0,0,0,
2,2,2,2,2,
1,1,65,1,1,
1,1,1,1,1,
0,1,1,1,0,
0,1,1,49,0,
1,1,1,1,1,
1,1,65,1,1,
1,1,1,1,1,
1,1,1,1,1,
110,110,110,110,110,
0,0,0,0,0,
0,0,0,0,0,
0,0,0,0,0,
9,2,9,2,9,
0,0,3,0,0,
0,3,0,3,0,
3,0,0,0,3,
2,9,0,9,2,
3,0,0,0,3,
0,3,0,3,0,
0,0,3,0,0,
109,109,112,109,109,
0,0,0,0,0,
0,0,0,0,0,
0,0,0,0,0,
2,2,2,2,54,
6,6,6,6,6,
6,1,1,65,6,
6,6,6,6,6,
6,6,6,6,6,
6,6,6,6,6,
6,6,6,6,6,
6,66,1,1,6,
6,6,6,6,6,
51,6,6,6,6,
111,6,111,6,111,
0,0,0,0,0,
0,0,0,0,0,
0,0,0,0,0,
0,0,2,0,0,
0,9,10,9,0,
0,0,6,0,0,
0,0,6,0,0,
0,9,6,9,0,
0,0,6,0,0,
9,1,6,1,9,
109,109,111,109,109,
0,0,0,0,0,
0,0,0,0,0,
0,0,0,0,0,
0,0,0,2,2,
0,0,0,49,1,
0,0,0,1,1,
0,0,1,1,1,
0,0,1,1,1,
6,6,6,6,6,
0,0,19,19,0,
6,6,6,6,6,
0,19,19,0,0,
6,6,6,6,6,
6,6,6,6,6,
6,6,6,6,6,
19,19,0,0,0,
6,6,6,6,6,
6,6,6,6,6,
111,6,111,6,111,
0,1,1,1,1,
1,1,1,0,0,
1,1,1,25,1,
1,1,1,1,1,
1,1,1,1,1,
1,25,1,1,1,
1,25,1,1,1,
1,1,1,1,1,
1,1,1,13,0,
1,1,25,1,1,
1,1,1,1,1,
1,1,1,13,13,
0,1,1,1,1,
0,1,1,1,1,
0,0,0,1,1,
0,0,0,1,1,
109,109,109,110,110,
0,0,0,2,0,
0,0,0,0,0,
0,0,0,0,0,
0,0,0,0,0,
0,0,2,0,0,
0,0,0,0,0,
0,0,0,0,0,
0,0,0,0,0,
0,2,0,0,0,
14,3,14,0,0,
0,13,1,13,43,
3,3,3,3,0,
0,0,0,0,41,
0,1,1,72,0,
0,1,37,72,41,
3,3,1,3,0,
0,0,0,0,41,
1,1,1,0,0,
1,37,1,0,41,
3,1,3,3,0,
0,0,0,0,41,
0,0,1,1,0,
0,0,1,37,13,
109,109,109,110,109,
0,0,0,0,0,
0,0,0,0,0,
0,0,0,0,0,
0,2,13,2,0,
0,0,0,0,0,
0,0,0,0,0,
0,0,0,0,0,
2,0,0,0,2,
0,0,0,0,0,
0,0,0,0,0,
0,0,0,0,0,
0,2,54,2,0,
1,1,0,0,1,
13,0,0,13,1,
1,1,0,0,1,
1,0,0,1,1,
1,1,0,0,1,
1,13,0,0,13,
1,0,0,1,1,
1,1,0,0,1,
44,0,0,1,43,
0,0,0,0,0,
13,1,1,1,13,
0,1,37,1,0,
109,110,110,110,109,
0,6,6,6,0,
0,1,1,6,0,
0,1,1,6,0,
0,6,6,6,0,
1,6,1,1,1,
1,6,1,1,1,
1,6,6,6,1,
0,0,0,12,0,
13,13,13,12,0,
0,1,1,12,0,
0,1,1,6,0,
0,6,6,6,0,
0,6,1,1,0,
0,12,1,1,0,
0,12,13,13,13,
0,12,1,1,1,
1,6,6,1,1,
1,1,6,1,1,
0,1,6,1,0,
0,1,6,1,0,
109,110,111,110,109,
0,0,0,0,0,
0,0,0,0,0,
0,0,0,0,0,
1,0,2,0,1,
1,49,0,0,1,
44,0,0,1,43,
0,0,0,0,0,
41,0,0,0,41,
0,0,2,0,0,
41,0,0,0,41,
0,0,0,0,0,
41,0,0,0,41,
0,0,2,0,0,
41,0,1,0,41,
0,0,0,0,0,
13,1,37,1,13,
0,6,1,6,0,
6,6,6,6,6,
6,3,3,3,6,
6,3,3,3,6,
6,3,3,3,6,
6,6,6,6,6,
6,6,6,6,6,
6,6,6,6,6,
109,109,2,109,109,
3,3,6,3,3,
3,6,6,6,3,
6,6,6,3,3,
6,6,3,3,3,
3,6,6,3,3,
3,3,6,6,3,
3,3,3,6,6,
3,3,6,6,3,
3,6,6,3,3,
6,6,3,3,3,
6,6,6,3,3,
3,6,6,6,3,
111,111,6,111,111,
0,0,0,0,0,
0,0,0,0,0,
0,0,0,0,0,
2,0,0,0,2,
0,0,0,0,0,
0,0,0,0,0,
0,0,0,0,0,
0,2,2,2,0,
0,6,7,7,0,
0,6,7,7,0,
11,51,11,7,11,
0,6,7,7,0,
0,6,7,7,0,
0,0,6,0,0,
109,109,111,109,109,
0,0,0,0,0,
0,0,0,0,0,
0,0,0,0,0,
0,0,2,0,0,
0,0,0,0,0,
0,13,13,13,0,
13,1,0,1,13,
1,1,2,1,1,
1,1,0,1,1,
1,1,0,1,1,
1,1,42,1,1,
1,0,0,0,1,
1,0,0,0,1,
0,37,13,37,0,
109,110,110,110,109,
0,0,0,0,0,
0,0,0,42,0,
44,1,0,1,0,
0,0,2,0,0,
0,1,0,49,43,
0,41,6,0,0,
0,0,6,0,0,
0,1,6,1,0,
0,1,6,1,0,
0,1,0,1,0,
0,1,37,1,0,
109,109,110,109,109,
0,0,0,0,0,
0,0,0,0,0,
0,0,54,2,0,
0,0,3,3,3,
0,0,0,39,1,
0,0,3,3,3,
0,0,1,40,0,
0,3,3,3,0,
0,1,40,0,0,
3,3,3,0,0,
1,40,1,0,0,
111,111,111,109,109,
0,0,0,0,0,
0,0,0,0,0,
0,9,2,9,0,
0,1,1,1,0,
0,1,13,1,0,
0,1,1,1,0,
0,1,1,1,0,
0,0,0,0,0,
0,0,0,0,0,
0,0,0,0,0,
109,112,112,112,109,
0,0,0,0,0,
0,0,0,0,0,
0,0,0,0,0,
2,2,13,54,2,
1,1,0,1,1,
13,1,0,1,13,
1,1,0,1,1,
1,1,0,1,1,
1,13,13,13,1,
1,1,0,1,1,
110,110,109,110,110,
0,0,0,0,0,
0,0,0,0,0,
0,0,0,0,0,
0,2,2,2,0,
0,0,0,0,0,
0,0,0,0,0,
0,0,0,0,0,
2,2,13,2,2,
1,1,1,1,1,
0,1,1,1,0,
0,0,1,0,0,
0,0,1,0,0,
0,1,1,1,0,
1,1,1,1,1,
0,1,1,1,0,
109,109,110,109,109,
0,0,0,0,0,
0,0,0,0,0,
0,0,2,0,0,
1,1,1,1,1,
0,0,1,0,0,
0,1,1,1,0,
0,0,1,0,0,
21,21,1,21,21,
109,109,110,109,109,
0,0,0,0,0,
0,0,0,0,0,
0,0,0,0,0,
0,2,61,2,0,
0,0,0,0,0,
0,0,0,0,0,
0,0,0,0,0,
109,109,112,109,109,
0,0,0,0,0,
0,0,0,0,0,
0,0,0,0,0,
2,2,0,2,2,
49,1,101,1,1,
1,1,0,1,1,
1,1,0,1,1,
1,1,0,1,1,
1,1,1,1,1,
1,1,1,1,1,
0,1,1,1,0,
0,0,1,0,0,
109,109,110,109,109,
0,0,0,0,0,
0,0,0,0,0,
0,0,0,0,0,
0,21,2,21,0,
21,6,6,6,21,
6,6,6,6,6,
6,6,6,6,6,
6,13,13,13,6,
6,6,6,6,6,
6,6,6,6,6,
6,6,6,6,6,
13,6,13,6,13,
0,6,6,6,0,
0,6,6,6,0,
21,6,6,6,21,
0,6,6,6,0,
0,6,6,6,0,
0,21,6,21,0,
0,6,6,6,0,
0,6,6,6,0,
0,6,21,6,0,
0,6,6,6,0,
0,6,6,6,0,
0,21,6,21,0,
0,6,6,6,0,
0,6,6,6,0,
0,6,21,6,0,
0,6,6,6,0,
0,6,6,6,0,
21,110,110,110,21,
0,0,0,0,0,
0,0,0,0,0,
0,0,0,0,0,
0,0,2,54,0,
0,13,44,0,0,
0,0,0,13,43,
0,13,44,0,0,
0,0,0,1,43,
0,1,44,0,0,
0,0,0,43,1,
0,44,13,0,0,
0,0,0,43,13,
0,44,13,0,0,
0,0,0,0,0,
0,0,1,0,0,
0,0,37,0,0,
109,109,110,109,109,
0,0,0,0,0,
0,0,0,0,0,
0,0,0,0,0,
0,2,54,2,0,
0,1,1,70,0,
1,0,0,21,1,
1,21,0,0,1,
1,0,0,21,1,
1,1,0,0,1,
1,0,0,1,1,
44,1,0,0,43,
0,0,0,0,0,
1,1,1,1,1,
0,1,37,1,0,
109,109,110,109,109,
0,0,0,0,0,
0,0,0,0,0,
0,0,0,0,0,
2,2,0,2,2,
1,49,0,1,1,
21,1,62,1,21,
1,1,1,1,1,
110,110,110,110,110,
0,0,0,0,0,
0,0,0,0,0,
0,0,0,0,0,
2,2,0,2,2,
1,1,0,49,1,
13,1,61,1,13,
1,1,1,1,1,
1,1,1,1,1,
110,110,110,110,110,
1,1,1,1,1,
1,1,1,1,1,
1,1,1,1,1,
1,1,1,26,1,
1,1,26,1,1,
1,26,1,1,1,
1,1,1,1,1,
1,1,1,1,1,
1,1,1,1,1,
1,1,1,1,1,
1,1,1,1,1,
1,25,1,1,1,
1,1,25,1,1,
1,1,1,25,1,
1,1,1,1,1,
1,1,1,1,1,
110,110,110,110,110,
0,0,0,0,0,
0,0,0,0,0,
0,0,0,0,0,
2,2,2,2,2,
0,0,0,0,0,
0,0,0,0,0,
0,13,13,13,0,
2,13,21,13,2,
0,13,13,13,0,
0,0,0,0,0,
0,0,0,0,0,
109,109,112,109,109,
0,0,0,0,0,
0,0,0,0,0,
0,0,0,0,0,
61,2,54,2,61,
0,0,0,0,0,
0,0,0,0,0,
0,0,0,0,0,
2,2,61,2,2,
0,0,0,0,0,
0,0,0,0,0,
0,0,0,0,0,
109,109,112,109,109,
0,0,0,0,0,
0,0,0,0,0,
0,0,0,0,0,
0,65,2,2,2,
0,0,0,0,0,
0,0,0,0,0,
0,0,0,0,0,
2,2,2,66,0,
0,0,0,0,0,
0,0,0,0,0,
0,0,0,0,0,
109,112,112,112,109,
0,0,0,0,0,
0,0,0,0,0,
0,0,0,0,0,
0,0,2,0,0,
0,0,6,0,0,
0,101,6,101,0,
0,0,6,0,0,
0,0,6,0,0,
0,0,6,0,0,
0,0,6,0,0,
0,0,6,0,0,
0,0,6,0,0,
0,0,6,0,0,
0,0,6,0,0,
0,0,6,0,0,
0,0,6,0,0,
109,109,111,109,109,
0,1,1,1,0,
1,1,1,1,1,
1,1,1,1,1,
1,1,1,1,1,
1,1,1,1,1,
11,6,11,6,11,
6,6,6,6,6,
6,6,6,6,6,
6,6,6,6,6,
0,6,6,6,0,
109,109,111,109,109,
0,0,1,0,0,
0,0,1,0,0,
0,0,1,0,0,
0,0,1,0,0,
109,109,110,109,109,
13,13,2,13,13,
13,6,6,6,13,
13,6,6,6,13,
13,6,6,6,13,
1,6,6,6,1,
0,19,19,0,0,
0,19,19,0,0,
1,6,13,13,13,
1,6,6,6,1,
0,0,19,19,0,
0,0,19,19,0,
13,13,13,6,1,
1,6,6,6,1,
1,6,1,1,1,
1,6,1,0,0,
1,6,1,0,0,
110,111,110,109,109,
0,0,0,0,0,
0,0,0,0,0,
0,0,0,0,0,
0,2,0,2,0,
13,49,13,1,13,
0,1,1,1,0,
17,19,17,19,17,
17,19,17,19,17,
17,19,17,19,17,
17,19,17,19,17,
0,1,0,1,0,
13,1,13,1,13,
109,110,109,110,109,
0,0,0,0,0,
0,0,0,0,0,
0,0,2,0,0,
0,0,0,0,0,
0,0,0,0,0,
0,0,0,0,0,
0,2,0,0,0,
0,0,0,0,0,
0,0,0,0,0,
0,0,0,0,0,
0,2,0,0,0,
0,51,0,0,0,
0,13,1,43,0,
0,6,0,0,41,
0,13,1,43,0,
0,6,0,0,41,
0,6,0,0,0,
0,0,0,0,41,
0,1,0,0,0,
13,37,13,13,13,
109,110,109,109,109,
0,0,0,0,0,
0,0,0,0,0,
0,0,0,0,0,
13,2,13,0,0,
13,1,13,0,0,
13,1,13,0,0,
0,0,0,0,0,
1,37,1,0,0,
1,1,1,0,0,
1,1,1,13,13,
0,0,0,0,0,
0,1,37,1,0,
0,1,1,1,0,
13,1,1,1,13,
0,0,0,0,0,
0,0,1,37,1,
0,0,1,1,1,
13,13,1,1,1,
0,0,0,0,0,
0,1,1,1,0,
0,1,37,1,0,
0,0,1,0,0,
109,109,110,109,109,
0,0,0,0,0,
0,0,0,0,0,
0,0,0,0,0,
0,61,2,2,62,
0,0,19,19,0,
0,0,19,19,0,
0,0,19,19,0,
0,61,1,1,62,
0,0,19,19,0,
0,0,19,19,0,
0,0,19,19,0,
0,0,19,19,0,
0,61,1,1,62,
0,0,19,19,0,
0,0,19,19,0,
0,0,19,19,0,
109,109,19,19,109,
0,0,0,0,0,
0,0,0,0,0,
0,0,0,0,0,
0,61,2,2,0,
0,0,0,0,0,
0,0,0,0,0,
0,0,0,0,0,
62,2,2,2,61,
0,7,7,7,0,
0,7,7,7,0,
0,7,7,7,0,
0,7,7,7,0,
0,7,7,7,0,
0,7,7,7,0,
0,1,1,1,0,
1,1,3,1,1,
1,1,3,1,1,
3,3,3,3,3,
1,1,3,1,1,
1,0,3,0,1,
1,0,0,0,1,
1,0,0,0,1

[layer]
type=Level 3
data=
0,0,0,0,0,
0,0,0,0,0,
0,0,0,0,0,
0,0,0,0,0,
0,0,0,0,0,
0,0,0,0,0,
0,0,0,0,0,
0,0,0,0,0,
0,0,0,0,0,
0,0,0,0,0,
0,0,0,0,0,
0,0,0,0,0,
0,0,0,0,0,
0,0,0,0,0,
0,0,0,0,0,
0,0,0,0,0,
0,0,0,0,0,
0,0,0,0,0,
0,0,0,0,0,
0,0,0,0,0,
0,0,0,0,0,
0,0,0,0,0,
0,0,0,0,0,
0,0,0,0,0,
0,0,0,0,0,
0,0,0,0,0,
0,0,0,0,0,
0,0,0,0,0,
0,0,0,0,0,
0,0,0,0,0,
0,0,0,0,0,
0,0,0,0,0,
0,0,0,0,0,
0,0,0,0,0,
0,0,0,0,0,
0,0,0,0,0,
0,0,0,0,0,
0,0,0,0,0,
0,0,0,0,0,
0,0,0,0,0,
0,0,0,0,0,
0,0,0,0,0,
0,0,0,0,0,
0,0,0,0,0,
0,0,0,0,0,
0,0,0,0,0,
0,0,0,0,0,
0,0,0,0,0,
0,0,0,0,0,
0,0,0,0,0,
0,0,0,0,0,
0,0,0,0,0,
0,0,0,0,0,
0,0,0,0,0,
0,0,0,0,0,
0,0,0,0,0,
0,0,0,0,0,
0,0,0,0,0,
0,0,0,0,0,
0,0,0,0,0,
0,0,0,0,0,
0,0,0,0,0,
0,0,0,0,0,
0,0,0,0,0,
0,0,0,0,0,
0,0,0,0,0,
0,0,0,0,0,
0,0,0,0,0,
0,0,0,0,0,
0,0,0,0,0,
0,0,0,0,0,
0,0,0,0,0,
0,0,0,0,0,
0,0,0,0,0,
0,0,0,0,0,
0,0,0,0,0,
0,0,0,0,0,
0,0,0,0,0,
0,0,0,0,0,
0,0,0,0,0,
0,0,0,0,0,
0,0,0,0,0,
0,0,0,0,0,
0,0,0,0,0,
0,0,0,0,0,
0,0,0,0,0,
0,0,0,0,0,
0,0,0,0,0,
0,0,0,0,0,
0,0,0,0,0,
0,0,0,0,0,
0,0,0,0,0,
0,0,0,0,0,
0,0,0,0,0,
0,0,0,0,0,
0,0,0,0,0,
0,0,0,0,0,
0,0,0,0,0,
0,0,0,0,0,
0,0,0,0,0,
0,0,0,0,0,
0,0,0,0,0,
0,0,0,0,0,
0,0,0,0,0,
0,0,0,0,0,
0,0,0,0,0,
0,0,0,0,0,
0,0,0,0,0,
0,0,0,0,0,
0,0,0,0,0,
0,0,0,0,0,
0,0,0,0,0,
0,0,0,0,0,
0,0,0,0,0,
0,0,0,0,0,
0,0,0,0,0,
0,0,0,0,0,
0,0,0,0,0,
0,0,0,0,0,
0,0,0,0,0,
0,0,0,0,0,
0,0,0,0,0,
0,0,0,0,0,
0,0,0,0,0,
0,0,0,0,0,
0,0,0,0,0,
0,0,0,0,0,
0,0,0,0,0,
0,0,0,0,0,
0,0,0,0,0,
0,0,0,0,0,
0,0,0,0,0,
0,0,0,0,0,
0,0,0,0,0,
0,0,0,0,0,
0,0,0,0,0,
0,0,0,0,0,
0,0,0,0,0,
0,0,0,0,0,
0,0,0,0,0,
0,0,0,0,0,
0,0,0,0,0,
0,0,0,0,0,
0,0,0,0,0,
0,0,0,0,0,
0,0,0,0,0,
0,0,0,0,0,
0,0,0,0,0,
0,0,0,0,0,
0,0,0,0,0,
0,0,0,0,0,
0,0,0,0,0,
0,0,0,0,0,
0,0,0,0,0,
0,0,0,0,0,
0,0,0,0,0,
0,0,0,0,0,
0,0,0,0,0,
0,0,0,0,0,
0,0,0,0,0,
0,0,0,0,0,
0,0,0,0,0,
0,0,0,0,0,
0,0,0,0,0,
0,0,0,0,0,
0,0,0,0,0,
0,0,0,0,0,
0,0,0,0,0,
0,0,0,0,0,
0,0,0,0,0,
0,0,0,0,0,
0,0,0,0,0,
0,0,0,0,0,
0,0,0,0,0,
0,0,0,0,0,
0,0,0,0,0,
0,0,0,0,0,
0,0,0,0,0,
0,0,0,0,0,
0,0,0,0,0,
0,0,0,0,0,
0,0,0,0,0,
0,0,0,0,0,
0,0,0,0,0,
0,0,0,0,0,
0,0,0,0,0,
0,0,0,0,0,
0,0,0,0,0,
0,0,0,0,0,
0,0,0,0,0,
0,0,0,0,0,
0,0,0,0,0,
0,0,0,0,0,
0,0,0,0,0,
0,0,0,0,0,
0,0,0,0,0,
0,0,0,0,0,
0,0,0,0,0,
0,0,0,0,0,
0,0,0,0,0,
0,0,0,0,0,
0,0,0,0,0,
0,0,0,0,0,
0,0,0,0,0,
0,0,0,0,0,
0,0,0,0,0,
0,0,0,0,0,
0,0,0,0,0,
0,0,0,0,0,
0,0,0,0,0,
0,0,0,0,0,
0,0,0,0,0,
0,0,0,0,0,
0,0,0,0,0,
0,0,0,0,0,
0,0,0,0,0,
0,0,0,0,0,
0,0,0,0,0,
0,0,0,0,0,
0,0,0,0,0,
0,0,0,0,0,
0,0,0,0,0,
0,0,0,0,0,
0,0,0,0,0,
0,0,0,0,0,
0,0,0,0,0,
0,0,0,0,0,
0,0,0,0,0,
0,0,0,0,0,
0,0,0,0,0,
0,0,0,0,0,
0,0,0,0,0,
0,0,0,0,0,
0,0,0,0,0,
0,0,0,0,0,
0,0,0,0,0,
0,0,0,0,0,
0,0,0,0,0,
0,0,0,0,0,
0,0,0,0,0,
0,0,0,0,0,
0,0,0,0,0,
0,0,0,0,0,
0,0,0,0,0,
0,0,0,0,0,
0,0,0,0,0,
0,0,0,0,0,
0,0,0,0,0,
0,0,0,0,0,
0,0,0,0,0,
0,0,0,0,0,
0,0,0,0,0,
0,0,0,0,0,
0,0,0,0,0,
0,0,0,0,0,
0,0,0,0,0,
0,0,0,0,0,
0,0,0,0,0,
0,0,0,0,0,
0,0,0,0,0,
0,0,0,0,0,
0,0,0,0,0,
0,0,0,0,0,
0,0,0,0,0,
0,0,0,0,0,
0,0,0,0,0,
0,0,0,0,0,
0,0,0,0,0,
0,0,0,0,0,
0,0,0,0,0,
0,0,0,0,0,
0,0,0,0,0,
0,0,0,0,0,
0,0,0,0,0,
0,0,0,0,0,
0,0,0,0,0,
0,0,0,0,0,
0,0,0,0,0,
0,0,0,0,0,
0,0,0,0,0,
0,0,0,0,0,
0,0,0,0,0,
0,0,0,0,0,
0,0,0,0,0,
0,0,0,0,0,
0,0,0,0,0,
0,0,0,0,0,
0,0,0,0,0,
0,0,0,0,0,
0,0,0,0,0,
0,0,0,0,0,
0,0,0,0,0,
0,0,0,0,0,
0,0,0,0,0,
0,0,0,0,0,
0,0,0,0,0,
0,0,0,0,0,
0,0,0,0,0,
0,0,0,0,0,
0,0,0,0,0,
0,0,0,0,0,
0,0,0,0,0,
0,0,0,0,0,
0,0,0,0,0,
0,0,0,0,0,
0,0,0,0,0,
0,0,0,0,0,
0,0,0,0,0,
0,0,0,0,0,
0,0,0,0,0,
0,0,0,0,0,
0,0,0,0,0,
0,0,0,0,0,
0,0,0,0,0,
0,0,0,0,0,
0,0,0,0,0,
0,0,0,0,0,
0,0,0,0,0,
0,0,0,0,0,
0,0,0,0,0,
0,0,0,0,0,
0,0,0,0,0,
0,0,0,0,0,
0,0,0,0,0,
0,0,0,0,0,
0,0,0,0,0,
0,0,0,0,0,
0,0,0,0,0,
0,0,0,0,0,
0,0,0,0,0,
0,0,0,0,0,
0,0,0,0,0,
0,0,0,0,0,
0,0,0,0,0,
0,0,0,0,0,
0,0,0,0,0,
0,0,0,0,0,
0,0,0,0,0,
0,0,0,0,0,
0,0,0,0,0,
0,0,0,0,0,
0,0,0,0,0,
0,0,0,0,0,
0,0,0,0,0,
0,0,0,0,0,
0,0,0,0,0,
0,0,0,0,0,
0,0,0,0,0,
0,0,0,0,0,
0,0,0,0,0,
0,0,0,0,0,
0,0,0,0,0,
0,0,0,0,0,
0,0,0,0,0,
0,0,0,0,0,
0,0,0,0,0,
0,0,0,0,0,
0,0,0,0,0,
0,0,0,0,0,
0,0,0,0,0,
0,0,0,0,0,
0,0,0,0,0,
0,0,0,0,0,
0,0,0,0,0,
0,0,0,0,0,
0,0,0,0,0,
0,0,0,0,0,
0,0,0,0,0,
0,0,0,0,0,
0,0,0,0,0,
0,0,0,0,0,
0,0,0,0,0,
0,0,0,0,0,
114,113,113,113,114,
10,0,6,0,10,
1,0,6,0,1,
1,0,6,0,1,
1,1,6,1,1,
1,6,6,6,1,
1,6,6,6,1,
1,6,6,6,1,
1,1,1,1,1,
110,110,110,110,110,
1,1,1,1,1,
0,1,1,1,1,
0,0,1,1,49,
0,0,0,101,1,
0,0,101,0,1,
0,101,0,0,1,
101,0,0,0,1,
0,0,0,0,1,
0,0,0,1,1,
0,0,1,1,1,
0,1,1,1,1,
1,1,1,1,1,
1,1,1,1,1,
1,1,21,1,1,
1,1,1,21,1,
1,1,1,1,21,
1,1,1,1,1,
1,1,1,1,1,
1,1,21,1,1,
1,21,6,1,1,
21,6,6,6,1,
6,6,6,6,6,
6,6,6,6,6,
6,6,6,6,6,
51,21,13,21,6,
6,6,6,6,6,
6,6,6,6,6,
6,6,6,6,6,
13,6,13,6,13,
0,6,6,6,0,
0,6,6,6,0,
21,6,6,6,21,
0,6,6,6,0,
0,6,6,6,0,
0,21,6,21,0,
0,6,6,6,0,
0,6,6,6,0,
0,6,21,6,0,
0,6,6,6,0,
0,6,6,6,0,
0,21,6,21,0,
0,6,6,6,0,
0,6,6,6,0,
0,6,21,6,0,
109,6,111,6,109,
0,0,0,0,0,
0,0,0,0,0,
0,0,0,0,0,
2,2,2,2,2,
3,3,3,3,3,
0,13,0,13,0,
37,0,37,0,37,
1,1,1,1,1,
3,3,3,3,3,
13,0,13,0,13,
0,37,0,37,0,
0,1,1,1,0,
3,3,3,3,3,
0,13,0,13,0,
0,0,37,0,0,
0,1,1,1,0,
3,3,3,3,3,
0,13,0,13,0,
0,0,37,0,0,
109,110,110,110,109,
0,0,0,0,0,
0,0,0,0,0,
0,0,0,0,0,
2,2,0,0,0,
7,7,9,0,0,
7,7,7,9,0,
9,7,7,7,9,
0,9,7,7,7,
0,0,9,7,7,
0,9,7,7,7,
9,7,7,7,7,
7,7,7,7,0,
7,7,7,0,0,
111,111,109,109,109,
2,0,0,0,2,
6,21,0,21,6,
6,1,21,1,6,
6,6,6,6,6,
0,0,1,0,0,
13,13,13,13,13,
0,0,1,0,0,
0,2,21,2,0,
21,6,1,6,21,
6,6,6,6,6,
0,0,1,0,0,
13,13,13,13,13,
0,0,0,0,0,
2,21,21,21,2,
6,1,1,1,6,
6,6,6,6,6,
0,0,0,0,0,
13,13,13,13,13,
0,0,0,0,0,
21,2,21,2,21,
1,6,1,6,1,
6,6,6,6,6,
0,0,0,0,0,
13,13,13,13,13,
0,0,0,0,0,
2,2,0,2,2,
0,0,0,0,0,
0,0,0,0,0,
0,0,0,0,0,
109,112,112,112,109,
0,0,0,0,0,
0,0,0,0,0,
0,0,0,0,0,
2,2,2,54,2,
3,3,3,6,3,
3,6,6,6,3,
3,6,6,6,3,
3,6,6,6,3,
3,3,6,3,3,
6,6,6,6,6,
21,1,1,1,21,
101,1,1,1,101,
0,1,1,1,0,
0,1,1,1,0,
0,0,0,0,0,
0,0,0,0,0,
109,109,109,109,109,
0,1,54,1,0,
0,0,1,0,0,
0,9,0,9,0,
0,9,37,9,0,
0,0,0,0,0,
0,0,37,0,0,
0,0,0,0,0,
0,0,37,0,0,
0,0,0,0,0,
0,0,37,0,0,
0,0,0,0,0,
0,0,37,0,0,
0,13,96,13,0,
21,107,21,1,0,
0,13,96,13,0,
21,107,21,1,0,
0,13,96,13,0,
21,107,21,44,0,
0,0,0,0,0,
0,13,1,13,0,
0,21,37,21,0,
109,13,110,13,109,
0,0,0,0,0,
0,0,0,0,0,
0,0,0,0,0,
0,21,2,21,0,
0,0,0,0,0,
0,0,0,0,0,
0,0,0,0,0,
0,2,21,2,0,
0,0,0,0,0,
0,0,0,0,0,
0,0,0,0,0,
0,0,0,2,0,
0,0,0,12,0,
0,0,13,12,13,
0,21,1,12,0,
13,1,1,6,1,
1,6,6,6,1,
1,6,1,1,21,
0,12,1,0,0,
13,12,13,21,0,
0,12,1,1,0,
1,6,6,1,0,
1,1,6,1,0,
109,110,111,110,109,
0,0,0,0,0,
0,0,0,0,0,
0,0,0,0,0,
0,0,2,2,0,
0,0,0,49,43,
21,44,1,0,0,
0,0,0,43,13,
1,1,0,0,0,
0,1,1,1,1,
0,1,1,1,0,
21,13,37,13,21,
1,1,1,1,1,
0,1,1,1,0,
13,0,0,0,13,
1,1,13,1,1,
0,1,1,1,0,
0,1,1,1,0,
0,13,37,13,0,
109,110,110,110,109,
0,0,0,0,0,
0,0,0,0,0,
0,0,0,0,0,
0,0,2,0,0,
0,0,50,0,0,
0,0,0,43,0,
0,44,0,0,41,
41,0,0,43,0,
0,44,0,0,41,
41,0,0,0,0,
0,0,1,0,41,
13,0,1,0,0,
1,13,37,13,1,
0,0,1,0,13,
109,109,110,109,109,
0,0,0,0,0,
0,0,0,0,0,
0,0,0,0,0,
13,54,13,0,0,
1,1,1,13,0,
13,1,1,1,13,
0,13,1,1,1,
0,0,20,20,18,
0,1,1,1,13,
13,1,1,1,0,
19,19,17,0,0,
1,1,1,1,0,
13,1,1,1,1,
0,1,1,1,1,
0,0,13,1,1,
0,0,0,1,1,
0,0,0,2,13,
0,0,1,1,0,
0,1,1,1,0,
0,1,1,0,0,
13,110,13,109,0,
1,1,1,1,0,
1,1,1,1,1,
1,29,1,21,1,
1,1,1,1,1,
13,1,21,1,1,
1,1,1,29,1,
1,1,1,1,1,
1,21,1,1,1,
13,1,1,1,29,
1,1,1,1,1,
1,1,21,1,1,
29,1,1,1,1,
1,1,1,13,1,
13,1,1,1,1,
1,1,1,1,1,
0,1,1,1,0,
109,109,110,109,109,
0,0,0,0,0,
0,0,0,0,0,
0,0,2,0,0,
0,0,0,0,0,
0,0,0,0,0,
0,0,0,0,0,
2,13,13,13,2,
3,30,30,30,3,
0,0,0,0,0,
0,0,0,0,0,
0,2,13,2,0,
0,3,30,3,0,
0,0,0,0,0,
0,0,0,0,0,
109,109,112,109,109,
0,0,0,0,0,
0,0,0,0,0,
0,0,0,0,0,
9,112,9,109,109,
0,0,0,0,0,
0,0,0,0,0,
0,0,0,0,0,
54,0,0,0,0,
1,13,13,13,13,
1,1,1,1,1,
1,1,1,1,1,
0,1,0,13,13,
1,1,1,1,1,
1,1,1,1,1,
13,13,0,1,0,
1,1,1,1,1,
1,1,1,1,1,
0,1,0,13,13,
1,1,1,1,1,
1,1,1,1,1,
0,1,1,13,0,
13,1,1,1,13,
111,13,111,1,111,
0,0,0,0,0,
0,0,0,0,0,
0,0,0,0,0,
14,14,2,14,14,
14,6,6,6,14,
14,6,6,6,14,
14,3,16,3,14,
6,6,6,6,6,
6,6,6,6,6,
0,50,6,63,6,
6,6,6,6,6,
6,6,6,6,6,
63,6,63,6,6,
6,2,6,6,6,
0,6,6,6,6,
0,0,6,6,6,
0,0,6,6,0,
0,6,6,0,0,
0,6,6,6,0,
0,6,6,6,0,
109,6,111,6,109,
0,0,0,0,0,
0,0,0,0,13,
0,0,0,13,2,
0,0,13,1,1,
0,13,1,1,0,
13,1,1,0,0,
1,1,0,0,0,
1,1,0,0,0,
0,0,0,0,0,
0,0,0,0,0,
0,0,0,0,13,
0,0,0,13,2,
0,0,13,1,1,
0,13,1,1,0,
13,1,1,0,0,
1,1,0,0,0,
1,0,0,0,0,
0,0,0,0,0,
13,13,13,13,13,
0,0,0,0,0,
2,2,0,0,0,
1,1,0,0,0,
1,1,13,0,0,
1,1,1,1,0,
1,1,1,49,1,
16,9,7,10,16,
16,7,7,7,16,
16,7,7,7,16,
16,7,7,7,16,
16,7,16,7,16,
7,7,7,7,7,
111,111,111,111,111,
0,0,0,0,0,
0,0,0,0,0,
0,0,0,0,0,
0,30,2,30,0,
0,0,0,0,0,
0,0,0,0,0,
0,0,0,0,0,
30,2,30,2,30,
0,0,0,0,0,
109,109,109,109,109,
3,3,3,3,3,
3,13,2,13,3,
3,3,3,3,3,
3,3,3,3,3,
3,3,3,3,3,
13,2,13,3,3,
3,3,3,3,3,
3,3,3,3,3,
3,3,3,3,3,
2,3,2,3,3,
6,3,6,3,3,
6,14,6,3,3,
6,6,6,6,3,
3,6,14,6,3,
3,6,6,6,3,
3,6,6,6,3,
3,14,6,14,3,
3,6,6,6,3,
3,6,3,6,3,
3,6,3,6,3,
3,3,3,3,3,
6,6,6,6,6,
6,6,6,6,6,
3,3,6,3,3,
64,3,51,3,63,
3,3,6,3,3,
6,6,6,6,6,
6,6,6,6,6,
6,3,3,3,6,
6,3,63,3,6,
6,3,3,3,6,
6,6,6,6,6,
6,6,6,6,6,
111,6,111,6,111,
0,0,16,7,16,
0,0,16,7,16,
16,16,16,7,16,
16,7,7,7,16,
16,7,7,7,16,
16,7,7,7,16,
16,7,16,16,16,
16,7,16,0,0,
16,111,16,109,109,
7,7,7,7,7,
7,7,7,7,7,
7,7,7,7,7,
0,61,1,1,0,
0,1,1,62,0,
0,61,1,1,0,
0,1,1,62,0,
0,0,1,0,0,
109,109,1,109,109,
0,9,2,9,0,
0,0,1,0,0,
0,0,1,0,0,
0,61,1,1,0,
0,1,1,62,0,
0,61,1,1,0,
0,1,1,62,0,
109,109,110,109,109,
0,0,0,0,0,
0,0,0,0,0,
0,0,0,0,0,
0,9,2,9,0,
0,1,6,1,0,
0,1,6,1,0,
0,13,6,13,0,
1,101,6,101,1,
14,6,6,6,15,
6,6,6,6,6,
15,6,6,6,15,
6,6,6,6,6,
111,6,111,6,111,
0,0,0,0,0,
0,0,0,0,0,
0,0,0,0,0,
2,0,0,0,2,
0,0,0,0,0,
0,0,0,0,0,
0,0,0,0,0,
0,2,29,2,0,
0,0,0,0,0,
0,0,0,0,0,
0,0,0,0,0,
0,0,2,0,0,
0,0,0,0,0,
0,0,0,0,0,
0,0,0,0,0,
109,112,29,112,109,
0,0,0,0,0,
0,0,0,0,0,
0,0,0,0,0,
2,1,2,1,2,
1,1,1,1,1,
29,1,29,1,29,
0,0,0,0,0,
0,0,0,0,0,
0,0,0,0,0,
1,2,1,2,1,
1,1,1,1,1,
1,29,1,29,1,
0,0,0,0,0,
0,0,0,0,0,
0,0,0,0,0,
1,1,2,1,1,
1,1,1,1,1,
1,1,29,1,1,
0,0,0,0,0,
0,0,0,0,0,
0,0,0,0,0,
109,112,109,112,109,
0,0,0,0,0,
0,0,0,0,0,
0,0,0,0,0,
0,2,2,0,0,
0,0,0,0,0,
0,3,30,0,0,
0,0,0,0,0,
2,2,0,0,0,
0,0,0,0,0,
0,3,30,0,0,
0,0,0,0,0,
0,2,2,0,0,
0,0,0,0,0,
0,0,3,30,0,
0,0,0,0,0,
0,0,2,2,0,
0,0,0,0,0,
0,0,0,30,3,
0,0,0,0,0,
0,0,0,2,2,
0,0,0,0,0,
0,0,0,0,0,
0,0,0,0,0,
54,97,2,97,2,
1,1,1,1,1,
1,1,1,1,1,
13,1,13,1,13,
1,1,1,1,1,
1,13,1,13,1,
1,1,1,1,1,
1,1,13,1,1,
13,1,1,1,13,
110,110,110,110,110,
0,0,0,0,0,
0,0,0,0,0,
0,0,2,2,0,
0,0,0,0,0,
0,0,0,0,0,
0,0,0,0,0,
0,0,16,2,2,
0,16,7,7,7,
16,7,7,7,7,
7,7,7,7,6,
7,7,7,6,0,
50,3,6,3,67,
7,7,7,6,0,
7,7,7,7,6,
16,7,7,7,7,
0,16,7,7,7,
0,0,16,7,7,
0,16,7,7,7,
16,111,111,111,16,
0,0,0,0,0,
0,0,0,0,0,
0,0,0,0,0,
2,2,2,54,2,
1,1,26,1,1,
1,26,1,1,1,
26,1,1,1,1,
0,0,0,1,0,
13,1,1,1,13,
97,1,1,1,97,
13,1,1,1,13,
0,1,0,0,0,
1,1,25,1,1,
1,1,1,25,1,
1,1,1,1,25,
0,1,0,0,0,
0,1,1,0,0,
13,1,1,1,13,
97,1,1,1,97,
13,109,110,110,13,
0,0,0,0,0,
0,0,0,0,0,
0,0,0,0,0,
2,2,2,54,2,
6,6,6,6,6,
98,6,63,6,98,
6,6,6,6,6,
6,6,6,6,6,
6,6,6,6,6,
111,6,111,6,111,
1,1,1,1,1,
1,1,1,1,1,
110,110,110,110,110,
0,0,0,0,0,
0,0,0,0,0,
0,0,101,0,0,
109,112,112,54,109,
0,0,0,0,0,
0,0,0,0,0,
0,0,0,0,0,
0,2,2,0,0,
0,0,0,0,0,
0,3,30,0,0,
0,0,0,0,0,
0,2,2,0,0,
0,0,0,0,0,
0,30,3,0,0,
0,0,0,0,0,
0,2,2,0,0,
0,0,0,0,0,
0,3,30,0,0,
0,0,0,0,0,
109,112,112,109,109,
0,0,0,0,0,
0,0,0,0,0,
0,0,0,0,0,
0,0,2,0,0,
0,0,0,0,0,
0,30,3,30,0,
0,0,0,0,0,
0,2,2,2,0,
0,0,0,0,0,
30,3,0,3,30,
0,0,0,0,0,
112,112,109,112,112,
0,0,0,0,0,
0,0,0,0,0,
0,0,0,0,0,
2,3,0,3,2,
0,30,0,30,0,
0,0,0,0,0,
0,0,0,0,0,
0,2,3,2,0,
109,109,30,109,109,
0,0,0,0,0,
0,0,0,0,0,
13,54,2,2,13,
0,1,1,1,0,
0,1,1,1,0,
0,1,1,1,0,
29,13,29,13,29,
0,1,1,1,0,
0,1,1,1,0,
0,1,1,1,0,
0,1,1,1,0,
13,29,13,29,13,
0,1,1,1,0,
0,1,1,1,0,
13,110,110,110,13,
0,0,0,0,0,
0,0,0,0,0,
0,0,0,0,0,
0,2,0,101,0,
0,0,0,1,0,
0,0,0,1,0,
13,13,13,1,13,
13,2,1,1,1,
13,1,1,1,1,
1,1,1,1,1,
13,13,13,1,13,
1,1,1,1,13,
110,110,110,110,13,
0,0,0,0,0,
0,0,0,0,0,
0,13,2,13,0,
0,0,0,0,0,
0,0,0,0,0,
0,0,0,0,0,
0,0,65,2,2,
0,0,0,0,0,
0,0,0,0,0,
0,0,0,0,0,
13,2,13,2,13,
0,0,0,0,0,
0,0,0,0,0,
0,0,0,0,0,
2,2,66,0,0,
0,0,0,0,0,
0,0,0,0,0,
0,0,0,0,0,
112,13,112,13,112,
0,0,0,1,0,
0,0,0,0,0,
0,0,0,0,0,
0,0,0,2,0,
0,0,0,1,0,
0,0,0,1,0,
13,0,13,13,13,
1,1,1,2,13,
1,1,1,1,13,
1,1,1,1,1,
13,1,13,13,13,
13,1,1,1,1,
13,110,110,110,110,
0,0,0,0,0,
0,0,0,0,0,
0,0,0,0,0,
2,2,2,2,2,
13,1,1,1,13,
1,1,1,1,1,
1,1,1,1,1,
97,1,1,1,97,
0,1,1,1,0,
0,29,1,29,0,
0,1,1,1,0,
0,29,1,29,0,
0,1,1,1,0,
97,1,1,1,97,
1,1,1,1,1,
13,1,1,1,13,
1,1,1,1,1,
110,110,110,110,110,
0,0,0,0,0,
0,0,0,0,0,
0,0,0,0,0,
109,9,2,9,109,
0,0,0,0,0,
0,0,0,0,0,
0,0,0,0,0,
0,0,2,0,0,
0,0,0,0,0,
3,3,3,3,3,
3,3,13,3,3,
3,13,1,2,3,
3,1,1,1,3,
3,10,1,3,3,
3,1,3,3,3,
13,1,1,21,3,
3,1,1,1,13,
3,3,1,10,1,
3,3,3,1,1,
3,3,21,1,1,
3,13,1,1,3,
21,1,1,3,3,
110,110,111,111,111,
0,19,19,19,0,
0,19,17,17,0,
0,19,19,19,0,
0,19,19,19,0,
0,19,19,55,0,
0,19,19,19,0,
0,19,19,19,0,
0,19,19,17,0,
21,1,21,0,0,
13,1,0,13,0,
21,0,95,21,0,
13,44,13,0,0,
0,0,0,0,0,
0,13,1,13,0,
0,13,37,13,0,
109,109,110,109,109,
0,0,0,0,0,
0,0,0,0,0,
0,0,0,0,0,
0,54,62,2,0,
0,0,0,0,0,
0,0,0,0,0,
0,0,0,0,0,
0,0,2,61,2,
0,0,0,0,0,
0,0,0,0,0,
0,0,0,0,0,
0,2,62,0,0,
0,0,0,0,0,
0,0,0,0,0,
0,0,0,0,0,
0,0,61,2,0,
0,0,0,0,0,
0,0,0,0,0,
0,0,0,0,0,
109,109,112,109,109,
0,0,0,0,0,
0,0,0,0,0,
0,0,0,0,0,
0,2,0,1,0,
0,21,1,21,0,
0,96,0,1,0,
0,21,43,21,0,
0,0,0,1,0,
0,1,0,0,0,
13,37,13,0,0,
109,110,109,109,109,
0,0,0,0,0,
0,0,0,0,0,
0,0,0,0,0,
0,1,0,2,0,
0,44,13,1,0,
0,1,0,0,13,
0,0,0,1,43,
0,1,1,0,13,
0,44,1,0,0,
0,13,0,0,1,
0,0,1,13,43,
0,13,0,0,1,
0,44,1,0,0,
0,0,0,0,0,
0,0,1,1,0,
0,0,37,0,0,
109,109,110,109,109,
0,0,0,0,0,
0,0,0,0,0,
0,0,0,0,0,
13,2,13,0,0,
69,69,69,0,0,
0,1,40,0,0,
0,0,70,0,0,
0,13,1,13,0,
0,69,0,0,0,
0,1,40,0,0,
0,70,70,70,0,
0,0,13,1,13,
0,0,0,0,69,
0,0,0,39,1,
0,0,70,70,70,
0,0,49,0,0,
0,18,20,18,0,
0,17,19,17,0,
0,0,1,0,0,
0,21,1,21,0,
1,1,1,1,0,
1,1,1,1,0,
13,1,13,1,13,
18,20,18,0,0,
13,1,1,1,13,
1,1,1,1,1,
1,1,1,1,1,
13,1,13,1,13,
0,0,18,20,18,
13,1,13,1,13,
0,7,7,7,7,
0,0,7,7,13,
0,13,7,7,7,
0,7,7,0,0,
0,7,7,7,0,
1,7,66,7,1,
0,7,7,7,0,
0,7,7,7,0,
0,0,7,13,0,
0,7,7,7,0,
0,7,0,7,0,
1,7,65,7,1,
0,7,7,7,0,
0,7,7,7,0,
0,7,7,0,0,
0,13,7,7,0,
0,7,7,7,0,
0,7,7,7,0,
13,1,13,0,0,
1,1,1,0,0,
1,1,1,1,0,
1,1,1,1,0,
0,21,1,21,0,
1,1,1,1,0,
1,1,1,1,0,
1,1,13,1,0,
21,1,1,13,21,
1,1,1,1,1,
1,1,1,1,1,
1,13,1,1,1,
21,1,1,1,21,
0,1,1,13,1,
0,1,1,1,1,
0,1,1,1,1,
109,109,1,110,13,
0,0,1,0,0,
0,13,1,1,0,
13,1,1,1,21,
1,1,1,1,1,
1,13,1,13,1

[layer]
type=Level 4
data=
0,0,0,0,0,
0,0,0,0,0,
0,0,0,0,0,
0,0,0,0,0,
0,0,0,0,0,
0,0,0,0,0,
0,0,0,0,0,
0,0,0,0,0,
0,0,0,0,0,
0,0,0,0,0,
0,0,0,0,0,
0,0,0,0,0,
0,0,0,0,0,
0,0,0,0,0,
0,0,0,0,0,
0,0,0,0,0,
0,0,0,0,0,
0,0,0,0,0,
0,0,0,0,0,
0,0,0,0,0,
0,0,0,0,0,
0,0,0,0,0,
0,0,0,0,0,
0,0,0,0,0,
0,0,0,0,0,
0,0,0,0,0,
0,0,0,0,0,
0,0,0,0,0,
0,0,0,0,0,
0,0,0,0,0,
0,0,0,0,0,
0,0,0,0,0,
0,0,0,0,0,
0,0,0,0,0,
0,0,0,0,0,
0,0,0,0,0,
0,0,0,0,0,
0,0,0,0,0,
0,0,0,0,0,
0,0,0,0,0,
0,0,0,0,0,
0,0,0,0,0,
0,0,0,0,0,
0,0,0,0,0,
0,0,0,0,0,
0,0,0,0,0,
0,0,0,0,0,
0,0,0,0,0,
0,0,0,0,0,
0,0,0,0,0,
0,0,0,0,0,
0,0,0,0,0,
0,0,0,0,0,
0,0,0,0,0,
0,0,0,0,0,
0,0,0,0,0,
0,0,0,0,0,
0,0,0,0,0,
0,0,0,0,0,
0,0,0,0,0,
0,0,0,0,0,
0,0,0,0,0,
0,0,0,0,0,
0,0,0,0,0,
0,0,0,0,0,
0,0,0,0,0,
0,0,0,0,0,
0,0,0,0,0,
0,0,0,0,0,
0,0,0,0,0,
0,0,0,0,0,
0,0,0,0,0,
0,0,0,0,0,
0,0,0,0,0,
0,0,0,0,0,
0,0,0,0,0,
0,0,0,0,0,
0,0,0,0,0,
0,0,0,0,0,
0,0,0,0,0,
0,0,0,0,0,
0,0,0,0,0,
0,0,0,0,0,
0,0,0,0,0,
0,0,0,0,0,
0,0,0,0,0,
0,0,0,0,0,
0,0,0,0,0,
0,0,0,0,0,
0,0,0,0,0,
0,0,0,0,0,
0,0,0,0,0,
0,0,0,0,0,
0,0,0,0,0,
0,0,0,0,0,
0,0,0,0,0,
0,0,0,0,0,
0,0,0,0,0,
0,0,0,0,0,
0,0,0,0,0,
0,0,0,0,0,
0,0,0,0,0,
0,0,0,0,0,
0,0,0,0,0,
0,0,0,0,0,
0,0,0,0,0,
0,0,0,0,0,
0,0,0,0,0,
0,0,0,0,0,
0,0,0,0,0,
0,0,0,0,0,
0,0,0,0,0,
0,0,0,0,0,
0,0,0,0,0,
0,0,0,0,0,
0,0,0,0,0,
0,0,0,0,0,
0,0,0,0,0,
0,0,0,0,0,
0,0,0,0,0,
0,0,0,0,0,
0,0,0,0,0,
0,0,0,0,0,
0,0,0,0,0,
0,0,0,0,0,
0,0,0,0,0,
0,0,0,0,0,
0,0,0,0,0,
0,0,0,0,0,
0,0,0,0,0,
0,0,0,0,0,
0,0,0,0,0,
0,0,0,0,0,
0,0,0,0,0,
0,0,0,0,0,
0,0,0,0,0,
0,0,0,0,0,
0,0,0,0,0,
0,0,0,0,0,
0,0,0,0,0,
0,0,0,0,0,
0,0,0,0,0,
0,0,0,0,0,
0,0,0,0,0,
0,0,0,0,0,
0,0,0,0,0,
0,0,0,0,0,
0,0,0,0,0,
0,0,0,0,0,
0,0,0,0,0,
0,0,0,0,0,
0,0,0,0,0,
0,0,0,0,0,
0,0,0,0,0,
0,0,0,0,0,
0,0,0,0,0,
0,0,0,0,0,
0,0,0,0,0,
0,0,0,0,0,
0,0,0,0,0,
0,0,0,0,0,
0,0,0,0,0,
0,0,0,0,0,
0,0,0,0,0,
0,0,0,0,0,
0,0,0,0,0,
0,0,0,0,0,
0,0,0,0,0,
0,0,0,0,0,
0,0,0,0,0,
0,0,0,0,0,
0,0,0,0,0,
0,0,0,0,0,
0,0,0,0,0,
0,0,0,0,0,
0,0,0,0,0,
0,0,0,0,0,
0,0,0,0,0,
0,0,0,0,0,
0,0,0,0,0,
0,0,0,0,0,
0,0,0,0,0,
0,0,0,0,0,
0,0,0,0,0,
0,0,0,0,0,
0,0,0,0,0,
0,0,0,0,0,
0,0,0,0,0,
0,0,0,0,0,
0,0,0,0,0,
0,0,0,0,0,
0,0,0,0,0,
0,0,0,0,0,
0,0,0,0,0,
0,0,0,0,0,
0,0,0,0,0,
0,0,0,0,0,
0,0,0,0,0,
0,0,0,0,0,
0,0,0,0,0,
0,0,0,0,0,
0,0,0,0,0,
0,0,0,0,0,
0,0,0,0,0,
0,0,0,0,0,
0,0,0,0,0,
0,0,0,0,0,
0,0,0,0,0,
0,0,0,0,0,
0,0,0,0,0,
0,0,0,0,0,
0,0,0,0,0,
0,0,0,0,0,
0,0,0,0,0,
0,0,0,0,0,
0,0,0,0,0,
0,0,0,0,0,
0,0,0,0,0,
0,0,0,0,0,
0,0,0,0,0,
114,113,113,113,114,
1,0,6,0,1,
1,0,6,0,1,
29,6,6,6,29,
29,6,6,6,29,
29,6,6,6,29,
29,6,6,6,29,
29,6,6,6,29,
6,6,6,6,6,
111,6,111,6,111,
0,0,6,0,0,
30,11,51,11,30,
0,0,7,0,0,
30,11,7,11,30,
0,0,7,0,0,
30,11,7,11,30,
0,0,7,0,0,
11,7,7,7,11,
0,7,7,7,0,
0,7,7,7,0,
63,7,16,7,64,
0,7,7,7,0,
63,7,16,7,64,
0,7,7,7,0,
63,7,16,7,64,
0,7,7,7,0,
63,7,16,7,64,
7,7,7,7,7,
7,7,7,7,7,
7,16,7,16,7,
7,7,7,7,7,
7,16,7,16,7,
7,7,7,7,7,
7,16,7,16,7,
7,7,7,7,7,
7,16,7,16,7,
111,111,111,111,111,
0,0,0,0,0,
0,0,0,0,0,
0,0,65,2,2,
0,0,0,0,0,
0,0,0,0,0,
0,0,0,0,0,
0,61,2,2,62,
0,0,0,0,0,
0,0,0,0,0,
0,0,0,0,0,
61,2,2,62,0,
0,0,0,0,0,
0,0,0,0,0,
0,0,0,0,0,
13,2,2,13,0,
0,0,0,0,0,
0,0,0,0,0,
0,0,0,0,0,
109,13,112,112,13,
0,0,0,0,0,
0,0,0,0,0,
0,0,0,0,0,
0,11,2,11,0,
0,7,7,7,0,
0,7,7,7,0,
0,0,7,0,0,
30,16,7,16,30,
0,0,7,0,0,
11,2,2,2,11,
0,7,7,7,0,
0,7,7,7,0,
0,0,7,0,0,
30,16,7,16,30,
0,0,7,0,0,
2,11,7,11,2,
7,7,7,7,7,
7,7,7,7,7,
0,0,7,0,0,
16,30,7,30,16,
0,0,7,0,0,
11,2,7,2,11,
0,7,7,7,0,
0,7,7,7,0,
30,111,111,111,30,
0,0,0,0,0,
0,0,0,0,0,
0,0,0,0,0,
2,2,0,2,54,
19,19,19,19,19,
19,19,19,19,19,
0,19,19,19,0,
0,19,19,19,0,
0,0,19,0,0,
109,109,19,109,109,
0,0,0,0,0,
14,14,14,14,14,
14,2,2,2,14,
14,1,1,1,14,
14,1,1,1,14,
14,14,14,1,14,
3,1,1,1,3,
3,1,1,1,3,
3,1,1,1,3,
3,1,1,1,3,
3,3,3,3,3,
3,3,3,3,3,
3,3,3,3,3,
111,111,111,111,111,
54,2,2,2,2,
12,6,6,6,12,
6,12,6,12,6,
6,6,12,6,6,
6,12,6,12,6,
12,6,6,6,12,
111,6,111,6,111,
0,0,0,0,0,
0,0,0,0,0,
0,0,19,0,0,
0,1,2,1,0,
0,0,19,0,0,
0,0,0,0,0,
0,0,0,0,0,
0,19,0,0,0,
1,2,1,0,0,
0,19,0,0,0,
0,0,0,0,0,
0,0,0,0,0,
0,0,19,0,0,
0,1,2,1,0,
0,0,19,0,0,
0,0,0,0,0,
0,0,0,0,0,
0,0,0,0,0,
9,9,112,9,9,
0,0,1,0,0,
0,0,1,0,0,
85,85,89,85,85,
85,86,90,86,85,
85,86,91,86,85,
85,86,90,86,85,
85,85,89,85,85,
0,0,1,0,0,
0,0,1,0,0,
0,0,1,0,0,
0,105,1,105,0,
0,1,1,1,0,
0,1,1,1,0,
0,1,1,1,0,
33,110,110,110,33,
0,0,0,0,0,
0,0,0,0,0,
0,0,0,0,0,
33,2,2,2,33,
0,0,0,0,0,
0,0,0,0,0,
0,0,0,0,0,
112,112,33,112,112,
0,0,0,0,0,
0,0,0,0,0,
0,0,0,0,0,
2,54,2,2,2,
35,19,19,19,35,
0,0,0,1,0,
0,0,0,1,0,
0,0,0,1,0,
0,0,19,19,35,
0,0,1,1,1,
0,1,1,1,1,
1,1,1,1,1,
0,36,20,20,0,
1,1,1,1,1,
1,1,1,1,1,
1,1,1,1,1,
0,19,19,35,0,
1,1,1,1,1,
1,1,1,1,1,
1,1,1,1,1,
109,109,20,20,20,
3,3,3,6,6,
3,34,3,6,6,
3,3,3,6,6,
6,6,6,6,6,
6,6,3,3,3,
6,6,3,34,3,
6,6,3,3,3,
6,6,6,6,6,
6,6,6,6,6,
3,3,3,6,6,
3,34,3,6,6,
3,3,3,6,6,
6,6,6,6,6,
6,6,6,6,0,
6,6,6,0,0,
6,6,0,0,0,
6,0,0,0,0,
109,109,109,109,109,
2,6,6,6,2,
6,3,3,3,6,
6,3,34,3,6,
6,3,3,3,6,
2,6,6,6,2,
6,6,6,6,6,
6,6,6,6,6,
6,6,6,6,6,
111,6,111,6,111,
86,86,86,86,86,
0,0,1,0,0,
2,2,1,2,2,
1,0,1,0,1,
1,0,1,0,1,
1,0,1,0,1,
87,0,1,0,87,
86,0,42,0,86,
85,0,0,0,85,
44,0,0,0,43,
0,0,37,0,0,
85,1,1,1,85,
85,1,1,1,85,
1,1,1,1,1,
1,1,33,1,1,
33,1,1,1,33,
0,1,1,1,0,
109,109,110,109,109,
0,0,0,0,0,
0,0,0,0,0,
0,0,0,0,0,
87,0,2,0,87,
87,1,0,0,87,
87,0,91,0,87,
1,1,0,0,1,
1,0,0,1,1,
1,1,0,0,1,
1,0,0,1,1,
44,1,0,0,43,
0,0,0,0,0,
87,37,87,37,87,
1,1,1,1,1,
1,1,1,1,1,
1,1,1,1,1,
110,110,110,110,110,
0,0,0,0,0,
0,0,0,0,0,
0,2,87,2,0,
49,0,0,87,1,
1,87,0,0,1,
1,0,0,1,1,
1,1,0,0,1,
1,0,0,1,1,
44,1,0,0,43,
0,0,0,0,0,
33,1,1,1,33,
1,1,37,1,1,
1,1,1,1,1,
1,1,1,1,1,
1,1,1,1,1,
110,110,110,110,110,
87,105,2,105,87,
0,0,1,0,0,
0,0,1,0,0,
0,0,1,0,0,
0,0,1,0,0,
0,0,1,0,0,
0,0,1,0,0,
0,0,1,0,0,
2,0,101,0,2,
6,13,1,13,6,
6,13,1,13,6,
6,13,1,13,6,
6,13,1,13,6,
7,7,7,7,7,
7,7,7,7,7,
7,7,7,7,7,
101,13,6,13,49,
1,13,6,13,1,
1,13,6,13,1,
1,13,6,13,1,
7,7,7,7,7,
7,7,7,7,7,
7,7,7,7,7,
7,7,7,7,7,
6,13,0,0,0,
6,13,0,101,0,
6,13,0,1,0,
6,13,0,1,0,
111,109,109,110,109,
2,2,2,2,2,
1,1,1,1,1,
7,16,7,14,7,
1,1,1,25,1,
7,16,7,14,7,
1,26,1,1,1,
7,16,7,14,7,
1,1,1,25,1,
7,7,7,7,7,
110,110,110,110,110,
0,0,0,0,0,
0,0,0,0,0,
0,0,0,0,0,
2,2,2,2,2,
7,7,30,7,50,
1,1,26,1,1,
1,1,26,1,1,
1,1,26,1,1,
7,7,7,7,7,
7,7,30,7,7,
7,7,7,7,7,
1,1,25,1,1,
1,1,25,1,1,
1,1,25,1,1,
7,7,30,7,7,
19,19,19,17,0,
19,19,19,17,0,
19,19,19,17,0,
18,20,20,20,0,
18,20,56,20,0,
18,20,20,20,0,
112,112,110,112,112,
0,0,0,0,0,
0,0,0,0,0,
0,0,0,0,0,
29,13,2,13,29,
0,0,0,0,0,
0,0,0,0,0,
0,0,0,0,0,
13,2,2,13,29,
0,0,0,0,0,
0,0,0,0,0,
0,0,0,0,0,
29,13,2,2,13,
0,0,0,0,0,
0,0,0,0,0,
0,0,0,0,0,
13,2,2,13,29,
0,0,0,0,0,
0,0,0,0,0,
0,0,0,0,0,
2,2,109,109,109,
1,1,101,101,101,
1,1,1,1,1,
1,1,1,1,1,
30,1,1,1,1,
7,30,1,1,1,
7,7,30,1,1,
7,7,7,30,1,
0,7,7,7,30,
0,0,7,7,7,
0,7,7,7,7,
7,7,7,7,7,
7,7,7,7,7,
0,7,7,7,0,
0,0,7,0,0,
109,109,109,109,109,
2,0,2,0,2,
1,0,1,0,1,
1,101,1,101,1,
1,0,49,0,1,
0,0,0,0,0,
0,0,0,0,0,
0,0,0,0,0,
2,0,29,0,2,
0,0,0,0,0,
0,0,0,0,0,
0,0,0,0,0,
0,2,29,2,0,
0,0,0,0,0,
0,0,0,0,0,
0,0,0,0,0,
109,109,112,109,109,
0,1,1,1,0,
0,1,101,1,0,
0,1,0,1,0,
0,0,0,0,0,
0,0,0,0,0,
0,0,0,0,0,
97,2,0,2,97,
0,1,1,1,0,
0,1,1,1,0,
0,1,1,1,0,
0,97,1,97,0,
0,0,1,0,0,
0,0,1,0,0,
0,0,1,0,0,
0,0,1,0,0,
0,0,1,0,0,
78,110,110,110,77,
17,19,19,19,17,
0,19,19,19,0,
0,19,19,19,0,
0,19,19,19,0,
0,19,19,19,17,
0,19,19,19,0,
0,19,19,19,0,
0,19,19,19,0,
0,19,19,17,0,
0,19,19,19,0,
0,19,19,19,0,
0,19,19,19,0,
0,19,17,19,0,
0,19,19,19,0,
0,19,19,19,0,
0,19,19,19,0,
0,17,19,19,0,
0,19,19,19,0,
0,19,19,19,0,
0,19,19,19,0,
17,19,19,19,109,
27,7,7,7,30,
7,7,7,7,7,
7,7,7,7,7,
7,7,7,7,7,
7,27,7,30,7,
7,7,7,7,7,
7,7,7,7,7,
7,7,7,7,7,
7,7,27,7,7,
7,7,7,7,7,
7,7,7,7,7,
7,7,7,7,7,
7,30,7,27,7,
7,7,7,7,7,
7,7,7,7,7,
7,7,7,7,7,
30,7,7,7,27,
7,7,7,7,7,
111,111,111,111,111,
29,29,101,29,29,
1,1,0,1,1,
1,1,0,1,1,
1,1,0,1,1,
1,1,0,1,1,
1,1,0,1,1,
1,1,49,1,1,
0,0,0,0,0,
0,0,0,0,0,
0,0,0,0,0,
2,2,0,2,2,
1,1,26,1,1,
1,1,26,1,1,
1,1,26,1,1,
0,2,2,2,0,
1,1,25,1,1,
1,1,25,1,1,
1,1,25,1,1,
2,2,0,2,2,
0,0,0,20,20,
0,0,0,20,20,
0,0,0,20,20,
0,0,2,2,0,
0,0,20,20,0,
0,0,20,20,0,
0,0,20,20,0,
0,2,2,0,0,
20,20,0,0,0,
20,20,0,0,0,
20,20,0,0,0,
112,112,109,109,109,
1,1,0,0,0,
1,1,0,0,0,
19,19,0,0,0,
1,1,1,1,1,
73,1,1,1,74,
1,1,1,1,1,
0,19,19,0,0,
1,1,1,1,1,
73,1,1,1,1,
1,1,1,1,1,
0,0,19,19,0,
1,1,1,1,1,
1,1,1,1,74,
1,1,1,1,1,
0,0,0,19,19,
1,1,1,1,1,
73,1,1,1,1,
1,1,1,1,1,
51,6,6,9,6,
6,6,6,6,6,
6,6,6,6,6,
0,0,9,6,6,
6,6,6,6,6,
6,6,6,6,6,
0,9,6,6,6,
6,6,6,6,6,
6,6,6,6,6,
9,6,6,6,6,
6,6,6,6,6,
6,6,6,6,6,
6,6,0,0,0,
6,6,1,1,65,
6,6,6,6,6,
6,6,6,6,6,
0,0,0,6,6,
66,1,1,6,6,
6,6,6,6,6,
6,6,6,6,6,
6,6,6,6,6,
78,1,6,1,77,
0,6,6,6,0,
0,6,6,6,0,
0,6,6,6,0,
0,6,6,6,0,
109,111,6,111,109,
0,105,1,105,0,
0,0,1,0,0,
0,0,1,0,0,
0,0,1,0,0,
0,0,0,0,0,
0,0,86,2,86,
0,0,86,90,86,
0,0,86,90,86,
85,85,85,90,86,
85,33,1,1,86,
85,1,1,1,86,
86,1,1,1,86,
86,1,86,86,86,
86,1,86,87,87,
86,1,85,85,85,
86,1,1,33,85,
86,1,1,1,85,
86,1,1,1,86,
86,86,86,1,86,
87,87,86,1,86,
85,85,85,1,86,
85,33,1,1,86,
85,1,1,1,86,
86,1,1,1,86,
86,1,86,86,86,
86,1,86,0,0,
86,1,86,109,109,
0,0,0,0,0,
0,0,0,0,0,
0,0,0,0,0,
0,2,2,1,33,
1,1,1,1,1,
1,1,3,3,1,
33,3,3,3,3,
3,3,3,3,3,
3,3,2,2,3,
3,1,1,1,3,
3,1,33,3,3,
3,1,3,3,1,
3,6,3,1,33,
33,1,3,1,1,
1,1,3,3,1,
1,1,3,3,3,
3,3,3,3,3,
0,0,0,0,0,
0,0,0,0,0,
0,0,0,0,0,
2,2,0,2,2,
0,1,1,1,0,
0,7,1,1,1,
7,7,0,1,1,
7,7,7,67,1,
7,7,0,1,1,
0,7,1,1,1,
0,1,1,1,0,
1,1,1,7,0,
1,1,0,7,7,
1,68,7,7,7,
1,1,0,7,7,
1,1,1,7,0,
0,1,1,1,0,
109,109,1,109,109,
0,0,0,0,0,
0,0,0,0,0,
78,2,2,2,77,
0,0,0,0,0,
0,0,0,0,0,
0,0,0,0,0,
0,2,0,2,0,
0,0,0,0,0,
0,0,0,0,0,
0,0,0,0,0,
109,109,112,109,109,
0,0,0,0,0,
0,0,0,0,0,
0,0,0,0,0,
2,1,1,1,2,
0,1,105,1,0,
0,1,1,1,0,
0,0,1,0,0,
2,2,1,2,2,
0,0,1,0,0,
0,0,1,0,0,
0,0,1,0,0,
21,85,2,85,21,
0,86,90,86,0,
21,86,90,86,21,
0,86,90,86,0,
21,86,90,86,21,
0,86,90,86,0,
21,86,90,86,21,
0,86,90,86,0,
21,85,1,85,21,
3,1,1,1,3,
3,1,1,1,3,
3,1,1,1,3,
3,1,1,1,3,
3,3,3,3,3,
3,3,3,3,3,
3,3,3,3,3,
3,3,3,2,3,
3,1,1,1,1,
3,1,1,33,1,
3,1,1,1,1,
3,3,1,1,1,
3,3,3,3,3,
3,3,3,3,3,
3,2,3,3,3,
1,1,1,3,3,
1,33,1,3,3,
1,1,1,3,3,
3,3,3,3,3,
3,3,3,3,3,
3,3,3,3,3,
111,111,111,111,111,
0,2,2,2,0,
0,1,1,1,0,
0,19,19,55,0,
87,1,87,1,87,
1,1,1,1,1,
1,1,1,1,1,
1,1,1,1,1,
0,55,19,19,0,
87,1,87,1,87,
1,1,1,1,1,
1,1,1,1,1,
1,1,1,1,1,
110,110,110,110,110,
0,0,0,0,0,
0,0,0,0,0,
0,0,0,0,0,
2,2,2,0,0,
1,1,1,0,0,
1,1,1,0,0,
1,1,1,0,0,
86,90,86,0,0,
1,1,1,1,0,
1,1,1,1,0,
1,1,1,1,0,
0,0,86,90,86,
0,1,1,1,1,
0,1,1,1,1,
0,1,1,1,1,
86,90,86,0,0,
1,1,1,1,0,
1,1,1,1,0,
1,1,1,1,0,
0,0,86,90,86,
0,0,20,20,20,
0,1,1,1,1,
0,1,1,1,1,
86,90,86,0,0,
19,19,19,0,0,
1,1,1,1,1,
1,1,1,1,1,
1,1,1,1,1,
110,110,110,110,110,
0,0,0,0,0,
0,0,0,0,0,
0,86,86,86,86,
0,86,2,2,86,
0,86,1,1,86,
0,86,1,49,1,
0,86,1,1,1,
86,86,86,1,1,
86,1,1,1,1,
86,1,1,1,1,
86,1,1,1,1,
86,1,86,86,86,
86,1,1,1,86,
1,1,1,1,86,
1,1,1,1,86,
86,86,1,86,86,
86,1,1,1,1,
110,110,110,110,110,
0,0,0,0,0,
0,0,0,0,0,
0,0,0,0,0,
2,2,33,2,2,
1,1,1,1,1,
1,1,1,1,1,
0,85,1,85,0,
0,86,0,86,0,
0,87,0,87,0,
0,88,0,88,0,
0,87,2,87,0,
0,1,1,1,0,
0,1,1,1,0,
0,1,1,1,0,
87,86,85,2,2,
1,1,1,1,1,
1,1,1,1,1,
1,1,1,1,1,
2,2,85,86,87,
0,1,1,1,0,
0,1,1,1,0,
0,1,1,1,0,
33,110,112,110,33,
0,0,0,0,0,
0,0,0,0,0,
0,0,0,0,0,
2,1,33,1,2,
0,0,0,0,0,
0,0,0,0,0,
0,0,0,0,0,
109,109,112,109,109,
0,0,0,0,0,
0,0,0,0,0,
0,0,0,0,0,
87,2,33,2,87,
1,1,1,1,1,
1,1,1,1,1,
1,85,86,85,1,
1,86,87,86,1,
1,85,86,85,1,
1,1,1,1,1,
1,1,1,1,1,
85,1,85,1,85,
85,1,85,1,85,
85,1,85,1,85,
1,1,1,1,1,
1,33,1,1,1,
1,1,1,1,1,
1,1,1,1,33,
33,1,1,1,1,
1,1,85,86,87,
1,1,1,1,86,
1,1,1,1,85,
85,1,1,1,1,
86,1,1,1,1,
87,86,85,1,1,
1,1,1,1,1,
1,1,1,1,1,
1,1,33,1,1,
1,1,1,1,1,
33,1,1,1,1,
1,1,1,1,33,
1,1,1,1,1,
86,86,90,86,86,
0,1,1,1,0,
0,1,1,1,0,
0,1,1,1,0,
0,1,1,1,0,
0,1,1,1,0,
0,1,1,1,0,
109,9,110,9,109,
0,0,0,0,0,
0,0,0,0,0,
0,0,0,0,0,
112,112,112,112,54,
0,0,0,0,0,
0,0,101,0,0,
0,0,1,101,0,
2,2,1,1,101,
1,1,1,1,1,
1,1,1,1,0,
1,1,1,0,0,
1,1,0,0,0,
1,0,0,0,0,
110,109,109,109,109,
0,0,0,0,0,
0,0,0,0,0,
0,0,0,0,0,
2,2,2,2,2,
6,6,6,6,6,
5,5,12,5,5,
5,6,6,6,5,
5,6,6,6,5,
5,5,6,5,5,
5,5,6,5,5,
5,6,6,6,5,
5,6,6,6,5,
5,5,5,5,5,
0,0,0,0,0,
0,0,0,0,0,
0,0,0,0,0,
16,2,0,2,16,
16,7,0,7,16,
16,7,7,7,16,
16,7,7,7,7,
16,7,7,7,7,
0,16,7,16,50,
16,7,7,7,7,
7,7,7,7,16,
16,7,7,7,7,
7,7,0,7,16,
16,7,7,7,7,
7,7,7,7,16,
16,111,111,111,111,
9,2,9,2,9,
0,0,3,0,0,
0,3,0,3,0,
3,0,0,0,3,
2,9,0,9,2,
3,0,0,0,3,
0,3,0,3,0,
0,0,3,0,0,
109,109,112,109,109,
0,0,0,0,0,
0,0,0,0,0,
0,0,0,0,0,
2,3,2,3,2,
7,16,7,16,7,
7,16,7,16,7,
7,16,7,16,7,
7,7,7,7,7,
7,7,7,7,7,
16,7,16,7,16,
16,7,16,7,16,
16,7,16,7,16,
7,7,7,7,7,
111,111,111,111,111,
0,0,0,0,0,
0,0,0,0,0,
3,3,3,3,3,
3,6,2,6,3,
3,6,6,6,3,
3,6,51,6,3,
3,6,6,6,3,
3,3,2,3,3,
3,6,6,6,3,
3,6,6,6,3,
14,14,14,6,14,
3,6,6,6,3,
3,6,6,6,3,
14,6,14,14,14,
3,6,6,6,3,
3,6,6,6,3,
3,3,3,6,3,
3,6,6,6,3,
3,6,6,6,3,
111,111,6,111,111,
0,0,0,0,0,
0,0,0,0,0,
0,0,0,0,0,
2,2,2,2,2,
6,6,6,6,6,
14,14,6,14,14,
3,6,6,6,3,
3,6,6,6,3,
3,6,6,6,3,
3,14,14,6,3,
3,6,6,6,3,
3,6,6,6,3,
3,6,14,14,3,
3,6,6,6,3,
3,6,6,6,3,
111,111,6,111,111,
0,0,0,0,0,
0,0,0,0,0,
0,0,0,0,0,
0,0,2,2,2,
0,44,1,13,0,
41,0,14,3,14,
0,44,1,13,0,
41,0,14,3,14,
0,44,1,13,0,
41,0,14,3,14,
0,0,0,0,0,
1,0,0,1,0,
1,1,13,37,13,
0,0,0,1,0,
0,0,1,1,1,
0,0,1,1,1,
109,109,109,110,109,
0,0,0,0,0,
0,0,0,0,11,
0,0,0,11,2,
0,0,11,6,6,
0,11,6,6,0,
11,6,6,0,0,
6,6,0,0,0,
6,0,0,0,0,
7,16,0,0,0,
7,7,16,0,0,
0,7,7,16,0,
0,0,7,7,16,
0,0,0,7,7,
0,0,0,0,7,
0,0,0,0,7,
0,0,0,7,7,
0,0,7,7,0,
0,7,7,0,0,
7,7,0,0,11,
7,0,0,11,2,
0,0,11,2,7,
0,11,2,7,7,
11,2,7,7,0,
2,7,7,0,0,
0,7,7,7,0,
0,0,7,0,0,
0,7,7,7,0,
7,7,0,7,7,
0,7,7,7,0,
109,109,111,109,109,
0,0,0,0,0,
0,0,0,0,0,
0,0,2,0,0,
0,2,0,2,0,
0,0,0,0,0,
0,0,0,0,0,
0,2,0,2,0,
0,0,54,0,0,
0,0,0,0,0,
0,0,0,0,0,
0,2,0,2,0,
2,0,0,0,2,
0,0,0,0,0,
0,0,0,0,0,
2,0,0,0,2,
109,112,109,112,109,
0,0,0,0,0,
0,0,0,0,0,
0,0,0,0,0,
0,0,2,0,0,
0,0,0,0,0,
0,0,0,0,0,
0,0,0,0,0,
2,9,0,9,2,
7,7,7,7,7,
7,7,7,7,7,
7,7,7,7,7,
7,7,9,16,16,
7,7,7,7,0,
7,7,7,7,0,
16,16,9,7,7,
0,7,7,7,7,
0,7,7,7,7,
7,7,9,16,16,
7,7,7,0,0,
7,7,7,0,0,
0,16,7,16,0,
0,7,7,7,0,
109,7,7,7,109,
0,0,0,0,0,
0,0,0,0,0,
0,0,0,0,0,
2,2,2,0,0,
18,56,20,20,0,
0,18,20,20,20,
0,0,18,20,20,
0,0,18,20,20,
0,0,18,20,20,
0,0,18,20,20,
0,0,18,20,20,
0,0,18,20,20,
0,18,20,20,0,
18,20,20,0,0,
2,0,0,0,0,
7,2,0,0,0,
7,7,2,0,0,
7,7,7,2,0,
7,7,7,7,16,
16,7,7,7,7,
7,16,7,7,7,
7,7,16,7,7,
7,7,7,16,7,
111,111,111,111,16,
11,15,11,15,11,
2,2,51,2,2,
6,6,6,6,6,
6,6,6,6,6,
6,6,6,3,3,
6,6,14,3,3,
3,6,6,6,3,
3,3,6,6,6,
3,3,3,6,14,
14,3,6,6,6,
3,3,6,6,3,
6,6,6,3,14,
6,6,3,3,3,
6,6,6,3,3,
3,6,6,6,3,
3,6,6,6,3,
3,6,6,6,3,
3,3,3,3,3,
0,3,3,3,0,
3,3,0,3,3,
3,0,0,0,3,
3,0,0,0,3,
3,0,3,0,3,
3,0,3,0,3

[layer]
type=Level 5
data=
0,0,0,0,0,
0,0,0,0,0,
0,0,0,0,0,
0,0,0,0,0,
0,0,0,0,0,
0,0,0,0,0,
0,0,0,0,0,
0,0,0,0,0,
0,0,0,0,0,
0,0,0,0,0,
0,0,0,0,0,
0,0,0,0,0,
0,0,0,0,0,
0,0,0,0,0,
0,0,0,0,0,
0,0,0,0,0,
0,0,0,0,0,
0,0,0,0,0,
0,0,0,0,0,
0,0,0,0,0,
114,113,113,113,114,
1,0,1,0,1,
87,0,1,0,87,
0,0,1,0,0,
0,1,1,1,0,
0,1,1,1,0,
1,1,1,1,1,
1,1,1,1,1,
1,1,1,1,1,
110,110,110,110,110,
0,0,1,0,0,
86,86,90,86,86,
0,0,49,0,0,
2,2,1,2,2,
1,1,1,105,105,
1,1,1,1,1,
1,1,1,1,1,
0,0,0,1,1,
105,105,86,1,1,
1,1,86,1,1,
1,1,86,2,2,
1,1,86,0,0,
1,1,86,105,105,
1,1,86,1,1,
2,2,86,1,1,
0,0,86,1,1,
1,1,86,1,1,
1,1,86,1,1,
1,1,86,2,2,
1,13,7,7,7,
13,7,7,7,7,
7,7,7,7,13,
7,7,7,13,0,
7,7,1,1,65,
7,7,7,13,0,
7,7,7,7,13,
13,7,7,7,7,
0,13,7,7,7,
66,1,1,7,7,
0,13,7,7,7,
13,111,111,111,6,
0,0,0,0,0,
0,0,0,0,0,
0,0,0,0,0,
0,105,2,105,0,
105,3,6,3,105,
3,3,6,3,3,
3,3,6,3,3,
3,3,6,3,3,
3,3,6,3,3,
3,3,6,3,3,
6,6,6,6,6,
6,6,6,6,6,
6,6,6,6,6,
6,3,3,3,6,
6,3,22,3,6,
6,3,3,3,6,
6,6,6,6,6,
6,6,6,6,6,
6,6,6,6,6,
1,1,1,1,1,
87,87,91,87,87,
1,1,1,1,1,
1,1,1,1,1,
1,1,1,1,1,
86,90,86,90,86,
1,1,1,1,1,
1,1,1,1,1,
1,1,1,1,1,
86,90,90,90,86,
1,1,1,1,1,
1,1,1,1,1,
1,1,1,1,1,
1,1,87,1,1,
1,1,26,1,1,
1,1,26,1,1,
1,1,26,1,1,
87,2,2,2,87,
1,1,25,1,1,
1,1,26,1,1,
1,1,25,1,1,
2,2,105,2,2,
0,0,0,0,0,
0,0,0,0,0,
0,0,0,0,0,
0,21,2,2,21,
0,0,0,0,0,
0,0,0,0,0,
0,0,0,0,0,
21,2,2,21,0,
0,0,0,0,0,
0,0,0,0,0,
0,0,0,0,0,
112,112,112,109,109,
1,1,1,0,0,
1,1,1,0,0,
19,19,19,0,0,
1,1,1,1,1,
87,1,1,1,87,
1,1,1,1,1,
19,19,19,0,0,
1,1,1,1,1,
86,1,1,1,1,
1,1,1,1,1,
0,19,19,19,0,
1,1,1,1,1,
1,1,1,1,85,
1,1,1,1,1,
0,0,19,19,19,
1,1,1,1,1,
1,1,1,1,1,
1,1,1,1,1,
50,7,7,9,7,
7,7,7,7,7,
7,7,7,7,7,
7,7,9,7,7,
7,7,7,7,7,
7,7,7,7,7,
7,9,7,7,7,
7,7,7,7,7,
7,7,7,7,7,
9,7,7,7,7,
7,7,7,7,7,
7,7,7,7,7,
7,7,0,0,0,
7,7,1,1,65,
7,7,7,7,7,
7,7,7,7,7,
0,0,0,7,7,
66,1,1,7,7,
7,7,7,7,7,
7,7,7,7,7,
7,7,7,7,7,
78,1,7,1,77,
7,7,7,7,7,
7,7,7,7,7,
7,7,7,7,7,
111,111,6,111,111,
1,105,1,105,1,
1,0,1,0,1,
1,0,1,0,1,
1,0,1,0,1,
1,0,1,0,1,
0,0,0,0,0,
0,2,0,2,0,
0,1,0,1,0,
87,10,9,10,87,
1,1,1,1,1,
1,1,1,1,1,
1,1,1,1,1,
1,1,1,1,1,
1,1,1,1,1,
110,110,110,110,110,
0,0,0,0,0,
0,0,0,0,0,
0,0,0,0,0,
54,2,2,2,2,
20,20,20,20,20,
19,23,19,19,19,
20,24,20,20,20,
19,23,19,19,19,
20,24,20,20,20,
19,23,19,19,19,
20,20,20,20,20,
109,109,109,109,109,
0,0,0,0,0,
0,0,0,0,0,
9,2,2,2,9,
0,0,0,0,0,
0,0,0,0,0,
0,0,0,0,0,
2,2,9,2,2,
0,0,0,0,0,
0,0,0,0,0,
0,0,0,0,0,
2,2,2,2,2,
105,0,0,0,105,
1,0,0,0,1,
1,0,0,0,1,
1,2,2,2,1,
1,1,25,1,1,
1,1,25,1,1,
1,1,25,1,1,
1,1,25,1,1,
1,1,25,1,1,
1,1,25,1,1,
1,1,1,1,1,
1,1,1,1,1,
1,1,1,1,1,
1,1,1,1,1,
110,110,110,110,110,
0,0,0,0,0,
86,86,86,86,86,
0,0,1,0,0,
2,2,1,2,2,
1,0,1,0,1,
1,0,1,0,1,
1,0,1,0,1,
87,0,1,0,87,
86,0,42,0,86,
85,0,0,0,85,
44,0,0,0,43,
0,0,37,0,0,
85,1,1,1,85,
85,1,1,1,85,
1,1,1,1,1,
1,1,9,1,1,
9,1,1,1,9,
0,1,1,1,0,
109,109,110,109,109,
0,0,0,0,0,
0,0,0,0,0,
0,0,0,0,0,
87,0,2,0,87,
87,1,0,0,87,
87,0,91,0,87,
1,1,0,0,1,
1,0,0,1,1,
1,1,0,0,1,
1,0,0,1,1,
44,1,0,0,43,
0,0,0,0,0,
87,37,87,37,87,
1,1,1,1,1,
1,1,1,1,1,
1,1,1,1,1,
110,110,110,110,110,
0,0,0,0,0,
0,0,0,0,0,
0,2,87,2,0,
49,0,0,87,1,
1,87,0,0,1,
1,0,0,1,1,
1,1,0,0,1,
1,0,0,1,1,
44,1,0,0,43,
0,0,0,0,0,
21,1,1,1,21,
1,1,37,1,1,
1,1,1,1,1,
1,1,1,1,1,
1,1,1,1,1,
110,110,110,110,110,
105,2,105,2,105,
1,0,69,0,1,
1,0,1,0,1,
1,0,1,0,1,
1,0,1,0,1,
0,1,1,1,0,
0,39,1,40,0,
0,1,1,1,0,
0,1,1,1,0,
109,110,110,110,109,
0,0,0,0,0,
0,0,0,0,0,
0,0,0,0,0,
2,2,2,2,2,
87,1,1,1,1,
86,1,1,1,1,
85,1,85,86,87,
1,1,1,1,1,
1,1,1,1,87,
1,1,1,1,86,
1,1,1,1,85,
1,1,1,1,1,
1,1,1,1,1,
9,2,49,2,9,
1,1,1,1,1,
1,1,1,1,1,
1,87,91,87,1,
1,87,91,87,1,
1,87,91,87,1,
1,1,1,1,1,
1,1,1,1,1,
1,1,1,1,1,
1,1,1,1,1,
1,1,1,1,1,
105,91,105,91,105,
1,1,1,1,1,
1,1,1,1,1,
1,1,1,1,1,
1,1,1,1,1,
1,1,1,1,1,
1,1,1,1,1,
1,1,1,1,1,
1,1,1,1,1,
1,1,85,86,87,
1,1,1,1,86,
1,1,1,1,85,
85,1,1,1,1,
86,1,1,1,1,
87,86,85,1,1,
1,1,1,1,1,
9,1,1,1,9,
1,1,1,1,1,
9,1,1,1,9,
1,1,1,1,1,
9,1,1,1,9,
110,110,110,110,110,
86,86,90,86,86,
0,19,19,19,0,
0,19,19,19,0,
0,19,19,19,0,
0,19,19,19,0,
0,19,19,19,0,
0,19,19,19,0,
109,9,110,9,109,
0,0,0,0,0,
0,0,0,0,0,
0,0,0,0,0,
87,105,2,105,87,
1,1,1,1,1,
1,1,1,1,1,
1,1,1,1,1,
1,1,1,1,1,
1,1,1,1,1,
1,1,1,1,1,
1,1,1,1,1,
1,1,1,1,1,
1,1,1,1,1,
1,1,1,1,1,
1,1,1,1,1,
110,110,110,110,110,
0,23,19,23,0,
0,0,20,0,0,
0,0,19,0,0,
0,0,20,0,0,
0,0,19,0,0,
0,0,20,0,0,
0,0,19,0,0,
0,0,20,0,0,
0,0,19,0,0,
109,109,20,109,109,
0,23,19,23,0,
0,0,19,0,0,
0,0,19,0,0,
0,0,19,0,0,
0,0,19,0,0,
0,0,19,0,0,
0,0,19,0,0,
0,0,19,0,0,
0,0,19,0,0,
109,109,19,109,109,
0,24,20,24,0,
0,0,20,0,0,
0,0,20,0,0,
0,0,20,0,0,
0,0,20,0,0,
0,0,20,0,0,
0,0,20,0,0,
0,0,20,0,0,
109,109,20,109,109,
0,13,1,13,0,
13,1,1,1,13,
1,1,1,1,1,
0,1,1,1,0,
0,0,1,0,0,
0,0,0,0,0,
0,0,0,0,0,
0,0,2,0,0,
0,0,0,0,0,
0,0,0,0,0,
0,0,0,0,0,
0,0,2,0,0,
0,44,0,0,0,
41,0,0,43,0,
0,44,0,0,41,
41,0,0,43,0,
0,44,0,0,41,
41,0,0,43,0,
0,0,0,0,41,
1,0,1,0,0,
1,13,37,13,1,
0,0,1,0,0,
109,109,110,109,109,
0,0,0,0,0,
0,0,0,0,0,
0,0,0,0,0,
0,21,2,21,0,
0,0,0,0,0,
22,3,3,3,22,
0,0,0,0,0,
13,2,13,2,13,
0,0,0,0,0,
22,3,3,3,22,
0,0,0,0,0,
0,13,2,13,0,
0,0,0,0,0,
3,22,3,22,3,
0,0,0,0,0,
13,2,2,2,13,
0,0,0,0,0,
3,3,22,3,3,
0,0,0,0,0,
0,2,2,2,0,
0,1,13,1,0,
109,110,110,110,109,
0,0,0,0,0,
0,0,0,21,0,
21,44,0,42,0,
0,0,2,0,0,
0,41,0,43,21,
0,21,6,0,0,
0,0,6,1,1,
41,1,6,0,0,
0,0,6,1,1,
41,1,6,0,0,
0,0,0,0,0,
1,1,1,1,1,
0,0,1,0,0,
0,0,1,0,0,
0,13,37,13,0,
0,1,1,1,0,
109,110,110,110,109,
0,0,0,0,0,
0,0,0,0,0,
3,3,3,3,3,
3,3,3,3,2,
3,3,3,6,6,
3,3,6,6,6,
3,6,6,6,6,
6,6,6,3,3,
6,6,14,3,3,
3,6,6,6,3,
3,3,6,6,6,
3,3,3,6,14,
14,3,6,6,6,
3,3,6,6,3,
6,6,6,3,14,
6,6,3,3,3,
6,6,6,3,3,
3,6,6,6,3,
3,6,6,6,3,
3,6,6,6,3,
3,3,3,3,3,
0,3,3,3,0,
3,3,0,3,3,
3,0,0,0,3,
3,0,2,0,3,
3,0,6,0,3,
3,0,6,0,3,
21,0,6,0,21,
0,0,6,0,0,
109,21,111,21,109,
0,0,0,0,0,
0,0,0,0,0,
0,0,0,0,0,
0,13,2,13,0,
0,0,0,0,0,
0,0,0,0,0,
0,0,0,0,0,
13,2,2,2,13,
0,0,101,0,0,
0,0,0,0,0,
0,0,0,0,0,
2,2,2,2,2,
0,0,0,0,0,
13,0,0,0,13,
1,13,0,13,1,
0,1,2,1,0,
1,1,0,1,1,
1,0,0,0,1,
0,0,0,0,0,
0,0,0,0,0,
109,109,109,109,109,
2,2,2,2,2,
6,13,6,13,6,
6,6,6,6,6,
6,6,6,6,6,
13,6,13,6,13,
6,6,6,6,6,
6,6,6,6,6,
6,13,6,13,6,
111,6,111,6,111,
0,0,0,0,0,
0,0,0,0,0,
0,101,0,101,0,
0,2,2,2,0,
0,1,1,1,0,
0,1,1,1,0,
0,0,10,0,0,
0,1,1,1,0,
0,1,1,1,0,
0,1,1,1,0,
109,110,110,110,109,
0,0,0,0,0,
0,0,0,0,0,
0,0,0,0,0,
0,0,2,2,0,
0,21,44,0,0,
0,0,0,43,1,
0,1,44,0,0,
0,0,0,43,1,
0,1,44,0,0,
0,0,0,43,21,
0,1,44,0,0,
0,0,0,43,1,
0,1,44,0,0,
0,0,0,0,0,
0,0,1,1,0,
0,0,37,0,0,
109,109,110,109,109,
0,0,0,0,0,
0,0,0,0,0,
0,6,2,6,0,
0,7,7,6,0,
0,7,7,6,0,
11,0,11,6,11,
0,7,7,6,0,
0,7,7,6,0,
0,6,7,7,0,
0,6,7,7,0,
11,6,11,0,11,
0,6,7,7,0,
0,6,7,7,0,
109,111,111,111,109,
0,0,0,0,0,
0,0,0,0,0,
0,101,0,101,0,
2,1,2,1,2,
1,1,49,1,1,
1,1,1,1,1,
1,1,1,1,1,
1,1,1,1,1,
1,1,1,1,1,
1,1,101,1,1,
1,1,1,1,1,
110,110,110,110,110,
0,0,0,0,0,
0,0,0,0,0,
0,0,0,0,0,
3,22,2,22,3,
0,1,1,1,0,
0,39,1,0,0,
0,1,0,0,0,
14,3,14,3,3,
1,1,1,0,0,
0,1,40,0,0,
0,0,1,0,0,
3,14,3,14,3,
0,1,0,0,0,
0,1,40,0,0,
0,1,1,1,0,
3,3,14,3,14,
0,0,0,0,1,
0,0,0,39,1,
0,0,1,1,1,
102,111,111,111,102,
0,0,0,0,0,
0,0,0,0,0,
0,0,0,0,0,
2,2,2,2,2,
1,1,1,1,1,
49,1,1,1,1,
1,13,0,1,1,
1,1,0,13,1,
0,0,0,0,0,
0,0,0,0,0,
0,0,0,0,0,
0,13,2,13,0,
0,1,1,1,0,
109,110,110,110,109,
0,0,0,0,0,
0,101,0,101,0,
0,1,101,1,0,
2,1,1,1,2,
1,1,1,1,1,
49,1,1,1,1,
1,1,1,1,1,
1,1,1,1,1,
0,1,1,1,1,
0,0,1,1,1,
0,0,0,1,1,
109,109,109,109,110,
0,0,0,0,0,
0,0,0,0,0,
0,0,0,0,0,
9,1,9,2,9,
0,1,1,1,0,
0,1,1,1,0,
109,109,110,109,109,
0,0,0,0,0,
0,0,0,0,0,
0,0,0,0,0,
0,2,1,2,0,
0,1,1,1,0,
0,9,1,9,0,
0,1,1,1,0,
0,0,0,0,0,
0,0,0,0,0,
0,0,0,0,0,
0,1,2,1,0,
0,1,1,1,0,
0,1,9,1,0,
0,1,1,1,0,
0,0,0,0,0,
0,0,0,0,0,
0,0,0,0,0,
109,109,112,109,109,
0,0,0,0,0,
0,0,0,0,0,
0,0,0,0,0,
1,2,1,2,0,
0,13,0,13,0,
0,0,0,0,0,
0,0,0,0,0,
2,1,2,0,2,
0,13,1,13,0,
0,0,0,0,0,
0,0,0,0,0,
0,0,0,0,0,
0,2,0,2,1,
13,1,13,0,13,
0,0,0,0,0,
0,0,0,0,0,
0,0,0,0,0,
2,0,2,0,2,
0,13,1,13,1,
0,0,0,0,0,
0,0,0,0,0,
0,0,0,0,0,
0,2,0,2,0,
13,1,13,1,13,
0,0,0,0,0,
0,0,0,0,0,
0,0,0,0,0,
2,0,2,0,2,
1,13,1,13,1,
110,110,110,110,110,
0,0,0,0,0,
0,0,101,0,0,
0,0,1,0,0,
2,2,1,2,2,
0,0,0,0,0,
0,0,0,0,0,
0,0,0,0,0,
0,0,2,0,0,
0,9,6,9,0,
9,13,6,13,9,
13,6,6,6,13,
1,6,1,6,1,
0,0,0,0,0,
3,3,22,3,3,
0,0,0,0,0,
2,2,2,2,2,
6,6,6,6,6,
6,9,6,9,50,
6,6,6,6,6,
14,3,3,3,14,
0,0,0,0,0,
2,2,0,2,2,
6,6,0,6,6,
9,6,0,6,9,
6,6,0,6,6,
1,1,0,1,1,
0,0,0,0,0,
0,0,0,0,0,
0,0,2,0,0,
0,6,6,6,0,
6,6,0,6,6,
6,6,0,6,6,
11,12,3,12,11,
6,6,0,6,6,
6,6,0,6,6,
6,6,6,6,6,
0,6,6,6,0,
109,109,111,109,109,
0,0,0,0,0,
0,0,0,0,0,
0,0,0,0,0,
2,2,2,2,2,
1,1,1,101,0,
1,49,1,0,0,
101,1,1,0,0,
2,2,1,1,0,
1,1,1,1,1,
1,1,1,1,1,
1,13,1,1,1,
1,1,1,1,1,
1,1,1,1,1,
1,1,1,1,0,
1,1,1,0,0,
1,1,0,0,0,
110,109,109,109,109,
0,0,0,0,0,
2,2,2,2,2,
13,1,13,0,13,
0,0,0,0,0,
0,0,0,0,0,
0,0,0,0,0,
0,2,2,2,0,
0,13,1,13,0,
0,0,0,0,0,
0,0,0,0,0,
0,0,0,0,0,
2,2,0,2,2,
13,1,0,1,13,
0,0,0,0,0,
0,0,0,0,0,
0,2,2,2,0,
0,13,1,13,0,
0,1,1,1,0,
109,110,110,110,109,
0,0,0,0,0,
0,0,0,0,0,
0,0,0,0,0,
0,9,2,9,0,
0,0,0,0,0,
0,0,0,0,0,
0,0,0,0,0,
0,0,2,0,0,
0,9,1,9,0,
9,1,1,1,9,
1,1,1,1,1,
1,1,1,1,1,
1,21,21,21,1,
6,13,1,1,0,
6,6,13,0,0,
6,6,6,13,0,
0,6,6,6,13,
0,0,6,6,6,
0,0,13,6,6,
0,13,6,6,6,
13,6,6,6,0,
6,6,6,0,0,
6,6,13,0,0,
6,6,6,13,0,
0,6,6,6,13,
109,109,6,6,6,
0,0,0,0,0,
0,0,0,0,0,
2,2,2,2,2,
1,25,1,1,1,
1,1,49,1,1,
1,1,1,1,1,
1,1,1,25,1,
1,1,1,1,1,
1,1,1,1,1,
1,1,25,1,1,
1,1,1,1,1,
1,1,1,1,1,
1,25,1,1,1,
1,1,1,1,1,
1,1,1,1,1,
1,1,25,1,1,
1,1,1,1,1,
1,1,1,1,1,
1,1,1,1,1,
1,1,1,1,1,
21,110,110,110,21,
0,0,0,0,0,
0,0,0,0,0,
0,0,0,0,0,
9,2,2,2,9,
0,0,0,0,0,
0,0,0,0,0,
0,0,0,0,0,
2,2,2,0,0,
20,20,20,0,0,
19,19,19,0,0,
0,20,20,20,0,
0,19,19,19,0,
0,0,20,20,20,
109,109,19,19,19,
0,0,0,0,0,
0,0,0,0,0,
0,0,0,0,0,
13,2,2,2,13,
0,12,0,12,0,
0,6,0,6,0,
0,6,0,6,0,
6,6,6,6,6,
6,1,6,1,6,
6,1,6,1,6,
6,9,6,9,6,
6,110,6,110,6,
0,0,0,0,0,
0,0,0,0,0,
0,0,0,0,0,
54,2,2,2,2,
1,25,1,1,1,
1,1,25,1,1,
1,1,1,25,1,
1,1,1,1,25,
0,0,19,19,19,
0,0,19,19,19,
1,1,1,26,1,
1,1,26,1,1,
1,26,1,1,1,
26,1,1,1,1,
20,20,20,0,0,
20,20,20,0,0,
1,1,1,1,1,
1,1,1,1,1,
110,110,110,110,110,
0,0,0,0,0,
0,0,0,0,0,
0,0,0,0,0,
2,2,2,0,0,
0,0,0,0,0,
30,3,3,0,0,
0,0,0,0,0,
2,2,2,0,0,
0,0,0,0,0,
3,30,3,0,0,
0,0,0,0,0,
2,2,2,0,0,
0,0,0,0,0,
3,3,30,0,0,
0,0,0,0,0,
112,112,112,109,109,
0,0,0,0,0,
13,37,13,0,0,
0,0,0,0,0,
13,37,13,0,0,
0,0,0,0,0,
13,37,13,0,0,
0,0,0,0,0,
13,37,13,109,109,
1,1,25,1,1,
19,19,19,0,0,
1,1,1,25,1,
0,19,19,19,0,
1,1,1,1,25,
109,109,19,19,19,
1,1,1,1,1,
1,1,1,1,1,
1,1,1,1,1,
1,1,1,101,1,
1,1,101,0,1,
1,101,0,0,1,
101,0,0,0,1,
0,0,0,0,1,
0,0,0,1,1,
0,0,1,1,1,
0,1,1,1,1,
1,1,1,1,1,
1,1,1,1,1,
1,1,21,1,1,
1,1,1,21,1,
1,1,1,1,21,
1,1,1,1,1,
1,1,1,1,1,
1,1,21,1,1,
1,21,6,1,1,
21,6,6,6,1,
6,6,6,6,6,
6,6,6,6,6,
6,6,6,6,6,
51,21,9,21,6,
6,6,6,6,6,
6,6,6,6,6,
6,6,6,6,6,
13,10,13,10,13,
0,6,6,6,0,
0,6,6,6,0,
21,6,6,6,9,
0,6,6,6,0,
0,6,6,6,0,
0,21,6,9,0,
0,6,6,6,0,
0,6,6,6,0,
0,6,9,6,0,
0,6,6,6,0,
0,6,6,6,0,
0,9,6,21,0,
0,6,6,6,0,
0,6,6,6,0,
0,6,21,6,0,
0,6,6,6,0,
0,6,6,6,0,
0,21,6,6,0,
109,6,6,6,109,
0,0,0,0,0,
0,0,0,0,0,
0,0,0,0,0,
0,21,2,21,0,
0,1,1,1,0,
0,1,1,1,0,
109,110,110,110,109,
0,0,0,0,0,
0,0,0,0,0,
0,0,0,0,0,
101,2,101,2,101,
0,13,1,13,0,
0,13,1,13,0,
0,13,1,13,0,
2,2,2,2,2,
7,7,7,7,7,
7,7,7,7,7,
7,7,7,7,7,
49,13,6,13,101,
1,13,6,13,1,
1,13,6,13,1,
1,13,6,13,1,
7,7,7,7,7,
7,7,7,7,7,
7,7,7,7,7,
7,7,7,7,7,
0,13,0,1,6,
0,13,0,101,6,
0,13,0,1,6,
0,13,0,1,6,
109,109,109,110,111,
0,0,0,0,0,
0,0,0,0,0,
0,0,0,0,0,
2,0,0,2,0,
13,0,0,1,0,
0,0,0,0,0,
0,0,0,0,0,
0,2,2,0,0,
0,1,0,0,0,
0,0,0,0,0,
0,0,0,0,0,
0,0,2,2,0,
0,0,1,13,0,
0,0,0,0,0,
0,0,0,0,0,
2,2,0,0,0,
13,1,0,0,0,
1,1,0,0,0,
110,110,109,109,109,
0,0,0,0,0,
0,0,0,0,0,
0,0,0,0,0,
2,2,1,1,65,
0,0,0,0,0,
0,0,0,0,0,
0,0,0,0,0,
66,1,1,2,2,
0,0,0,0,0,
0,0,0,0,0,
0,0,0,0,0,
110,112,112,110,110,
0,0,0,0,0,
0,0,0,0,0,
0,0,0,0,0,
0,2,0,2,0,
14,7,0,7,14,
7,7,63,7,7,
7,7,7,7,7,
7,7,7,7,7,
7,7,7,7,7,
111,111,111,111,111,
0,0,0,0,0,
0,0,0,0,0,
0,0,0,0,0,
2,2,2,2,2,
1,1,1,26,1,
1,1,26,1,1,
1,26,1,1,1,
26,1,1,1,1,
7,7,7,7,7,
50,7,7,7,7,
1,25,1,1,1,
7,7,7,7,7,
1,1,1,25,1,
7,7,7,7,7,
7,7,7,7,7,
7,7,7,7,7,
0,7,7,7,0,
109,109,111,109,109,
0,0,0,0,0,
0,0,0,0,0,
0,0,0,0,0,
78,2,2,2,77,
0,7,7,7,0,
0,7,7,7,0,
0,7,7,7,0,
78,1,7,1,66,
7,7,7,7,7,
7,7,7,7,7,
7,7,21,7,7,
7,7,7,7,7,
7,7,7,7,7,
65,1,7,1,77,
0,7,7,7,0,
0,7,7,7,0,
0,7,7,7,0,
21,111,7,111,21,
0,0,0,0,0,
0,0,0,0,0,
0,0,2,0,0,
0,9,1,9,0,
9,1,1,1,9,
1,1,1,1,1,
1,1,1,1,1,
1,21,10,21,1,
1,1,1,1,1,
110,110,110,110,110,
0,0,0,0,0,
0,0,0,0,0,
0,0,0,0,0,
2,54,2,2,2,
6,3,3,3,6,
6,3,22,3,6,
6,3,3,3,6,
7,7,7,7,7,
7,7,7,7,7,
3,3,6,3,3,
22,3,6,3,22,
3,3,6,3,3,
7,7,7,7,7,
7,7,7,7,7,
6,3,3,3,6,
6,3,22,3,6,
6,3,3,3,6,
7,7,7,7,7,
7,7,7,7,7,
3,3,6,3,3,
22,3,6,3,22,
3,3,6,3,3,
3,5,5,5,3,
3,4,4,4,3,
3,5,5,5,3,
3,3,3,3,3,
3,3,3,3,3,
111,111,111,111,111,
0,0,0,0,0,
0,2,2,2,0,
0,0,0,0,0,
0,0,0,0,0,
0,0,0,0,0,
2,101,54,101,2,
0,0,0,0,0,
0,0,0,0,0,
0,0,0,0,0,
2,2,2,2,2,
0,0,0,0,0,
0,0,0,0,0,
0,0,0,0,0,
2,101,0,101,2,
0,0,0,0,0,
0,0,0,0,0,
0,0,0,0,0,
112,112,112,112,112,
0,0,0,0,0,
0,0,0,0,0,
0,0,0,0,0,
0,2,2,2,0,
0,7,7,7,0,
0,22,7,22,0,
0,7,7,7,0,
0,7,7,7,0,
0,7,22,50,0,
0,7,7,7,0,
0,7,7,7,0,
0,22,7,22,0,
0,7,7,7,0,
0,7,7,7,0,
0,7,22,7,0,
0,7,7,7,0,
0,7,7,7,0,
0,22,7,22,0,
0,7,7,7,0,
0,7,7,7,0,
0,7,22,7,0,
0,7,7,7,0,
111,111,111,111,111,
3,3,3,3,3,
22,22,22,22,22,
3,3,3,3,3,
2,2,2,2,3,
6,6,6,3,3,
6,6,3,3,6,
6,3,3,6,6,
111,111,6,6,6,
0,0,0,0,0,
0,0,0,0,0,
0,0,0,0,0,
2,2,2,2,54,
1,1,1,26,1,
1,1,1,26,1,
1,1,1,26,1,
1,1,1,1,1,
1,1,1,1,1,
1,1,1,1,1,
101,1,1,1,1,
19,19,19,0,0,
19,19,17,0,0,
19,19,17,0,0,
0,19,19,17,0,
0,19,19,17,0,
0,0,19,19,17,
0,0,19,19,17,
1,1,1,1,101,
0,0,19,19,19,
0,0,19,19,19,
0,0,19,19,19,
0,0,19,19,19,
0,0,19,19,19,
0,19,19,19,19,
0,19,19,19,19,
19,19,19,19,0,
19,19,19,19,0,
23,19,19,23,0,
109,109,109,109,109,
0,0,0,0,0,
0,0,0,0,0,
101,2,2,2,2,
1,1,1,1,1,
19,19,23,19,19,
1,1,1,1,1,
19,19,19,23,19,
1,1,1,1,1,
19,19,19,19,23,
1,1,1,1,1,
110,110,110,110,110,
0,0,0,0,0,
0,0,0,0,0,
0,0,0,0,0,
0,0,2,6,0,
0,7,7,6,0,
0,7,7,6,0,
9,0,9,6,9,
0,7,7,6,0,
0,7,7,6,0,
0,6,7,7,0,
0,6,7,7,0,
9,6,9,0,9,
0,6,7,7,0,
0,6,7,7,0,
109,6,6,109,109,
0,0,0,0,0,
0,0,0,0,0,
0,9,0,9,0,
0,2,0,2,0,
13,1,0,1,13,
1,1,61,1,1,
1,1,1,1,1,
1,1,1,1,1,
1,1,1,1,1,
109,110,110,110,109,
0,0,0,0,0,
0,0,0,0,0,
0,13,0,13,0,
2,6,2,6,2,
0,6,0,6,0,
23,19,23,19,23,
24,20,24,20,24,
0,6,0,6,0,
0,6,0,6,0,
1,1,1,1,1,
1,1,1,1,1,
110,110,110,110,110,
0,0,0,0,0,
0,0,0,0,0,
0,0,0,0,0,
2,66,2,2,2,
0,0,0,0,0,
0,0,0,0,0,
0,0,0,0,0,
101,0,2,0,101,
0,0,0,0,0,
0,0,0,0,0,
0,0,0,0,0,
109,112,112,112,109,
0,0,0,0,0,
0,0,0,0,0,
0,0,0,0,0,
2,2,2,2,2,
19,19,19,19,55,
20,20,20,18,20,
19,19,19,19,19,
20,20,18,20,20,
19,19,19,19,19,
20,18,20,20,20,
1,1,1,1,1,
110,110,110,110,110,
0,0,0,0,0,
0,0,0,0,0,
0,0,0,0,0,
0,21,2,21,0,
1,1,1,1,1,
1,1,1,1,1,
1,13,13,13,1,
1,1,1,1,1,
1,1,1,1,1,
1,1,1,1,1

